V1	I(D1)
-5.000000000000000e+00	-2.525001e-09
-4.990000000000000e+00	-2.524991e-09
-4.980000000000000e+00	-2.524980e-09
-4.970000000000000e+00	-2.524971e-09
-4.960000000000000e+00	-2.524961e-09
-4.950000000000000e+00	-2.524950e-09
-4.940000000000000e+00	-2.524941e-09
-4.930000000000000e+00	-2.524930e-09
-4.920000000000000e+00	-2.524921e-09
-4.910000000000000e+00	-2.524911e-09
-4.900000000000000e+00	-2.524901e-09
-4.890000000000000e+00	-2.524891e-09
-4.880000000000000e+00	-2.524880e-09
-4.870000000000000e+00	-2.524871e-09
-4.860000000000000e+00	-2.524861e-09
-4.850000000000000e+00	-2.524850e-09
-4.840000000000000e+00	-2.524841e-09
-4.830000000000000e+00	-2.524830e-09
-4.820000000000000e+00	-2.524821e-09
-4.810000000000000e+00	-2.524811e-09
-4.800000000000000e+00	-2.524800e-09
-4.790000000000000e+00	-2.524791e-09
-4.780000000000000e+00	-2.524780e-09
-4.770000000000000e+00	-2.524771e-09
-4.760000000000000e+00	-2.524761e-09
-4.750000000000000e+00	-2.524750e-09
-4.740000000000000e+00	-2.524741e-09
-4.730000000000000e+00	-2.524730e-09
-4.720000000000000e+00	-2.524721e-09
-4.710000000000000e+00	-2.524711e-09
-4.700000000000000e+00	-2.524700e-09
-4.690000000000000e+00	-2.524691e-09
-4.680000000000000e+00	-2.524680e-09
-4.670000000000000e+00	-2.524671e-09
-4.660000000000000e+00	-2.524661e-09
-4.650000000000000e+00	-2.524650e-09
-4.640000000000000e+00	-2.524641e-09
-4.630000000000000e+00	-2.524630e-09
-4.620000000000000e+00	-2.524621e-09
-4.610000000000000e+00	-2.524611e-09
-4.600000000000000e+00	-2.524600e-09
-4.590000000000000e+00	-2.524591e-09
-4.580000000000000e+00	-2.524580e-09
-4.570000000000000e+00	-2.524571e-09
-4.560000000000000e+00	-2.524561e-09
-4.550000000000000e+00	-2.524550e-09
-4.540000000000000e+00	-2.524541e-09
-4.530000000000000e+00	-2.524531e-09
-4.520000000000000e+00	-2.524521e-09
-4.510000000000000e+00	-2.524511e-09
-4.500000000000000e+00	-2.524500e-09
-4.490000000000000e+00	-2.524491e-09
-4.480000000000000e+00	-2.524482e-09
-4.470000000000000e+00	-2.524470e-09
-4.460000000000000e+00	-2.524461e-09
-4.450000000000000e+00	-2.524450e-09
-4.440000000000000e+00	-2.524441e-09
-4.430000000000000e+00	-2.524431e-09
-4.420000000000000e+00	-2.524420e-09
-4.410000000000000e+00	-2.524411e-09
-4.400000000000000e+00	-2.524400e-09
-4.390000000000000e+00	-2.524391e-09
-4.380000000000000e+00	-2.524381e-09
-4.370000000000000e+00	-2.524370e-09
-4.360000000000000e+00	-2.524361e-09
-4.350000000000000e+00	-2.524350e-09
-4.340000000000000e+00	-2.524341e-09
-4.330000000000000e+00	-2.524331e-09
-4.320000000000000e+00	-2.524320e-09
-4.310000000000000e+00	-2.524311e-09
-4.300000000000000e+00	-2.524300e-09
-4.290000000000000e+00	-2.524291e-09
-4.280000000000000e+00	-2.524281e-09
-4.270000000000000e+00	-2.524270e-09
-4.260000000000000e+00	-2.524261e-09
-4.250000000000000e+00	-2.524250e-09
-4.240000000000000e+00	-2.524241e-09
-4.230000000000000e+00	-2.524231e-09
-4.220000000000000e+00	-2.524220e-09
-4.210000000000000e+00	-2.524211e-09
-4.200000000000000e+00	-2.524200e-09
-4.190000000000000e+00	-2.524191e-09
-4.180000000000000e+00	-2.524181e-09
-4.170000000000000e+00	-2.524170e-09
-4.160000000000000e+00	-2.524161e-09
-4.150000000000000e+00	-2.524150e-09
-4.140000000000000e+00	-2.524140e-09
-4.130000000000000e+00	-2.524131e-09
-4.120000000000000e+00	-2.524120e-09
-4.110000000000000e+00	-2.524111e-09
-4.100000000000000e+00	-2.524100e-09
-4.090000000000000e+00	-2.524090e-09
-4.080000000000000e+00	-2.524081e-09
-4.070000000000000e+00	-2.524070e-09
-4.060000000000000e+00	-2.524061e-09
-4.050000000000000e+00	-2.524050e-09
-4.040000000000000e+00	-2.524041e-09
-4.030000000000000e+00	-2.524031e-09
-4.020000000000000e+00	-2.524020e-09
-4.010000000000000e+00	-2.524011e-09
-4.000000000000000e+00	-2.524001e-09
-3.990000000000000e+00	-2.523990e-09
-3.980000000000000e+00	-2.523980e-09
-3.970000000000000e+00	-2.523971e-09
-3.960000000000000e+00	-2.523961e-09
-3.950000000000000e+00	-2.523951e-09
-3.940000000000000e+00	-2.523940e-09
-3.930000000000000e+00	-2.523930e-09
-3.920000000000000e+00	-2.523921e-09
-3.910000000000000e+00	-2.523911e-09
-3.900000000000000e+00	-2.523900e-09
-3.890000000000000e+00	-2.523890e-09
-3.880000000000000e+00	-2.523880e-09
-3.870000000000000e+00	-2.523871e-09
-3.860000000000000e+00	-2.523861e-09
-3.850000000000000e+00	-2.523850e-09
-3.840000000000000e+00	-2.523840e-09
-3.830000000000000e+00	-2.523831e-09
-3.820000000000000e+00	-2.523821e-09
-3.810000000000000e+00	-2.523810e-09
-3.800000000000000e+00	-2.523801e-09
-3.790000000000000e+00	-2.523790e-09
-3.780000000000000e+00	-2.523781e-09
-3.770000000000000e+00	-2.523771e-09
-3.760000000000000e+00	-2.523761e-09
-3.750000000000000e+00	-2.523750e-09
-3.740000000000000e+00	-2.523740e-09
-3.730000000000000e+00	-2.523731e-09
-3.720000000000000e+00	-2.523721e-09
-3.710000000000000e+00	-2.523711e-09
-3.700000000000000e+00	-2.523700e-09
-3.690000000000000e+00	-2.523690e-09
-3.680000000000000e+00	-2.523681e-09
-3.670000000000000e+00	-2.523671e-09
-3.660000000000000e+00	-2.523660e-09
-3.650000000000000e+00	-2.523650e-09
-3.640000000000000e+00	-2.523640e-09
-3.630000000000000e+00	-2.523631e-09
-3.620000000000000e+00	-2.523621e-09
-3.610000000000000e+00	-2.523610e-09
-3.600000000000000e+00	-2.523600e-09
-3.590000000000000e+00	-2.523591e-09
-3.580000000000000e+00	-2.523581e-09
-3.570000000000000e+00	-2.523570e-09
-3.560000000000000e+00	-2.523560e-09
-3.550000000000000e+00	-2.523550e-09
-3.540000000000000e+00	-2.523541e-09
-3.530000000000000e+00	-2.523531e-09
-3.520000000000000e+00	-2.523521e-09
-3.510000000000000e+00	-2.523510e-09
-3.500000000000000e+00	-2.523500e-09
-3.490000000000000e+00	-2.523491e-09
-3.480000000000000e+00	-2.523481e-09
-3.470000000000000e+00	-2.523471e-09
-3.460000000000000e+00	-2.523460e-09
-3.450000000000000e+00	-2.523450e-09
-3.440000000000000e+00	-2.523441e-09
-3.430000000000000e+00	-2.523431e-09
-3.420000000000000e+00	-2.523420e-09
-3.410000000000000e+00	-2.523410e-09
-3.400000000000000e+00	-2.523400e-09
-3.390000000000000e+00	-2.523391e-09
-3.380000000000000e+00	-2.523381e-09
-3.370000000000000e+00	-2.523370e-09
-3.360000000000000e+00	-2.523360e-09
-3.350000000000000e+00	-2.523350e-09
-3.340000000000000e+00	-2.523341e-09
-3.330000000000000e+00	-2.523330e-09
-3.320000000000000e+00	-2.523320e-09
-3.310000000000000e+00	-2.523310e-09
-3.300000000000000e+00	-2.523301e-09
-3.290000000000000e+00	-2.523291e-09
-3.280000000000000e+00	-2.523280e-09
-3.270000000000000e+00	-2.523270e-09
-3.260000000000000e+00	-2.523260e-09
-3.250000000000000e+00	-2.523251e-09
-3.240000000000000e+00	-2.523241e-09
-3.230000000000000e+00	-2.523231e-09
-3.220000000000000e+00	-2.523220e-09
-3.210000000000000e+00	-2.523210e-09
-3.200000000000000e+00	-2.523201e-09
-3.190000000000000e+00	-2.523191e-09
-3.180000000000000e+00	-2.523180e-09
-3.170000000000000e+00	-2.523170e-09
-3.160000000000000e+00	-2.523160e-09
-3.150000000000000e+00	-2.523151e-09
-3.140000000000000e+00	-2.523141e-09
-3.130000000000000e+00	-2.523130e-09
-3.120000000000000e+00	-2.523120e-09
-3.110000000000000e+00	-2.523110e-09
-3.100000000000000e+00	-2.523101e-09
-3.090000000000000e+00	-2.523090e-09
-3.080000000000000e+00	-2.523080e-09
-3.070000000000000e+00	-2.523070e-09
-3.060000000000000e+00	-2.523061e-09
-3.050000000000000e+00	-2.523051e-09
-3.040000000000000e+00	-2.523040e-09
-3.030000000000000e+00	-2.523030e-09
-3.020000000000000e+00	-2.523020e-09
-3.010000000000000e+00	-2.523011e-09
-3.000000000000000e+00	-2.523001e-09
-2.990000000000000e+00	-2.522990e-09
-2.980000000000000e+00	-2.522980e-09
-2.970000000000000e+00	-2.522970e-09
-2.960000000000000e+00	-2.522961e-09
-2.950000000000000e+00	-2.522951e-09
-2.940000000000000e+00	-2.522940e-09
-2.930000000000000e+00	-2.522930e-09
-2.920000000000000e+00	-2.522920e-09
-2.910000000000000e+00	-2.522911e-09
-2.900000000000000e+00	-2.522901e-09
-2.890000000000000e+00	-2.522890e-09
-2.880000000000000e+00	-2.522880e-09
-2.870000000000000e+00	-2.522870e-09
-2.860000000000000e+00	-2.522861e-09
-2.850000000000000e+00	-2.522850e-09
-2.840000000000000e+00	-2.522840e-09
-2.830000000000000e+00	-2.522830e-09
-2.820000000000000e+00	-2.522820e-09
-2.810000000000000e+00	-2.522811e-09
-2.800000000000000e+00	-2.522800e-09
-2.790000000000000e+00	-2.522790e-09
-2.780000000000000e+00	-2.522780e-09
-2.770000000000000e+00	-2.522771e-09
-2.760000000000000e+00	-2.522761e-09
-2.750000000000000e+00	-2.522750e-09
-2.740000000000000e+00	-2.522740e-09
-2.730000000000000e+00	-2.522730e-09
-2.720000000000000e+00	-2.522721e-09
-2.710000000000000e+00	-2.522710e-09
-2.700000000000000e+00	-2.522700e-09
-2.690000000000000e+00	-2.522690e-09
-2.680000000000000e+00	-2.522680e-09
-2.670000000000000e+00	-2.522671e-09
-2.660000000000000e+00	-2.522661e-09
-2.650000000000000e+00	-2.522650e-09
-2.640000000000000e+00	-2.522640e-09
-2.630000000000000e+00	-2.522630e-09
-2.620000000000000e+00	-2.522621e-09
-2.610000000000000e+00	-2.522610e-09
-2.600000000000000e+00	-2.522600e-09
-2.590000000000000e+00	-2.522590e-09
-2.580000000000000e+00	-2.522580e-09
-2.570000000000000e+00	-2.522571e-09
-2.560000000000000e+00	-2.522560e-09
-2.550000000000000e+00	-2.522550e-09
-2.540000000000000e+00	-2.522540e-09
-2.530000000000000e+00	-2.522531e-09
-2.520000000000000e+00	-2.522521e-09
-2.510000000000000e+00	-2.522510e-09
-2.500000000000000e+00	-2.522500e-09
-2.490000000000000e+00	-2.522490e-09
-2.480000000000000e+00	-2.522481e-09
-2.470000000000000e+00	-2.522470e-09
-2.460000000000000e+00	-2.522460e-09
-2.450000000000000e+00	-2.522450e-09
-2.440000000000000e+00	-2.522440e-09
-2.430000000000000e+00	-2.522431e-09
-2.420000000000000e+00	-2.522420e-09
-2.410000000000000e+00	-2.522410e-09
-2.400000000000000e+00	-2.522400e-09
-2.390000000000000e+00	-2.522390e-09
-2.380000000000000e+00	-2.522381e-09
-2.370000000000000e+00	-2.522370e-09
-2.360000000000000e+00	-2.522360e-09
-2.350000000000000e+00	-2.522350e-09
-2.340000000000000e+00	-2.522340e-09
-2.330000000000000e+00	-2.522331e-09
-2.320000000000000e+00	-2.522320e-09
-2.310000000000000e+00	-2.522310e-09
-2.300000000000000e+00	-2.522300e-09
-2.290000000000000e+00	-2.522290e-09
-2.280000000000000e+00	-2.522281e-09
-2.270000000000000e+00	-2.522270e-09
-2.260000000000000e+00	-2.522260e-09
-2.250000000000000e+00	-2.522250e-09
-2.240000000000000e+00	-2.522241e-09
-2.230000000000000e+00	-2.522230e-09
-2.220000000000000e+00	-2.522220e-09
-2.210000000000000e+00	-2.522210e-09
-2.200000000000000e+00	-2.522200e-09
-2.190000000000000e+00	-2.522191e-09
-2.180000000000000e+00	-2.522180e-09
-2.170000000000000e+00	-2.522170e-09
-2.160000000000000e+00	-2.522160e-09
-2.150000000000000e+00	-2.522150e-09
-2.140000000000000e+00	-2.522140e-09
-2.130000000000000e+00	-2.522130e-09
-2.120000000000000e+00	-2.522120e-09
-2.110000000000000e+00	-2.522110e-09
-2.100000000000000e+00	-2.522100e-09
-2.090000000000000e+00	-2.522091e-09
-2.080000000000000e+00	-2.522080e-09
-2.070000000000000e+00	-2.522070e-09
-2.060000000000000e+00	-2.522060e-09
-2.050000000000000e+00	-2.522050e-09
-2.040000000000000e+00	-2.522041e-09
-2.030000000000000e+00	-2.522030e-09
-2.020000000000000e+00	-2.522020e-09
-2.010000000000000e+00	-2.522010e-09
-2.000000000000000e+00	-2.522000e-09
-1.990000000000000e+00	-2.521990e-09
-1.980000000000000e+00	-2.521980e-09
-1.970000000000000e+00	-2.521970e-09
-1.960000000000000e+00	-2.521960e-09
-1.950000000000000e+00	-2.521950e-09
-1.940000000000000e+00	-2.521940e-09
-1.930000000000000e+00	-2.521930e-09
-1.920000000000000e+00	-2.521920e-09
-1.910000000000000e+00	-2.521910e-09
-1.900000000000000e+00	-2.521900e-09
-1.890000000000000e+00	-2.521890e-09
-1.880000000000000e+00	-2.521880e-09
-1.870000000000000e+00	-2.521870e-09
-1.860000000000000e+00	-2.521860e-09
-1.850000000000000e+00	-2.521850e-09
-1.840000000000000e+00	-2.521840e-09
-1.830000000000000e+00	-2.521830e-09
-1.820000000000000e+00	-2.521820e-09
-1.810000000000000e+00	-2.521810e-09
-1.800000000000000e+00	-2.521800e-09
-1.790000000000000e+00	-2.521790e-09
-1.780000000000000e+00	-2.521780e-09
-1.770000000000000e+00	-2.521770e-09
-1.760000000000000e+00	-2.521760e-09
-1.750000000000000e+00	-2.521750e-09
-1.740000000000000e+00	-2.521740e-09
-1.730000000000000e+00	-2.521730e-09
-1.720000000000000e+00	-2.521720e-09
-1.710000000000000e+00	-2.521710e-09
-1.700000000000000e+00	-2.521700e-09
-1.690000000000000e+00	-2.521690e-09
-1.680000000000000e+00	-2.521680e-09
-1.670000000000000e+00	-2.521670e-09
-1.660000000000000e+00	-2.521660e-09
-1.650000000000000e+00	-2.521650e-09
-1.640000000000000e+00	-2.521640e-09
-1.630000000000000e+00	-2.521630e-09
-1.620000000000000e+00	-2.521620e-09
-1.610000000000000e+00	-2.521610e-09
-1.600000000000000e+00	-2.521600e-09
-1.590000000000000e+00	-2.521590e-09
-1.580000000000000e+00	-2.521580e-09
-1.570000000000000e+00	-2.521570e-09
-1.560000000000000e+00	-2.521560e-09
-1.550000000000000e+00	-2.521550e-09
-1.540000000000000e+00	-2.521540e-09
-1.530000000000000e+00	-2.521530e-09
-1.520000000000000e+00	-2.521520e-09
-1.510000000000000e+00	-2.521510e-09
-1.500000000000000e+00	-2.521500e-09
-1.490000000000000e+00	-2.521490e-09
-1.480000000000000e+00	-2.521480e-09
-1.470000000000000e+00	-2.521470e-09
-1.460000000000000e+00	-2.521460e-09
-1.450000000000000e+00	-2.521450e-09
-1.440000000000000e+00	-2.521440e-09
-1.430000000000000e+00	-2.521430e-09
-1.420000000000000e+00	-2.521420e-09
-1.410000000000000e+00	-2.521410e-09
-1.400000000000000e+00	-2.521400e-09
-1.390000000000000e+00	-2.521390e-09
-1.380000000000000e+00	-2.521380e-09
-1.370000000000000e+00	-2.521370e-09
-1.360000000000000e+00	-2.521360e-09
-1.350000000000000e+00	-2.521350e-09
-1.340000000000000e+00	-2.521340e-09
-1.330000000000000e+00	-2.521330e-09
-1.320000000000000e+00	-2.521320e-09
-1.310000000000000e+00	-2.521310e-09
-1.300000000000000e+00	-2.521300e-09
-1.290000000000000e+00	-2.521290e-09
-1.280000000000000e+00	-2.521280e-09
-1.270000000000000e+00	-2.521270e-09
-1.260000000000000e+00	-2.521260e-09
-1.250000000000000e+00	-2.521250e-09
-1.240000000000000e+00	-2.521240e-09
-1.230000000000000e+00	-2.521230e-09
-1.220000000000000e+00	-2.521220e-09
-1.210000000000000e+00	-2.521210e-09
-1.200000000000000e+00	-2.521200e-09
-1.190000000000000e+00	-2.521190e-09
-1.180000000000000e+00	-2.521180e-09
-1.170000000000000e+00	-2.521170e-09
-1.160000000000000e+00	-2.521160e-09
-1.150000000000000e+00	-2.521150e-09
-1.140000000000000e+00	-2.521140e-09
-1.130000000000000e+00	-2.521130e-09
-1.120000000000000e+00	-2.521120e-09
-1.110000000000000e+00	-2.521110e-09
-1.100000000000000e+00	-2.521100e-09
-1.090000000000000e+00	-2.521090e-09
-1.080000000000000e+00	-2.521080e-09
-1.070000000000000e+00	-2.521070e-09
-1.060000000000000e+00	-2.521060e-09
-1.050000000000000e+00	-2.521050e-09
-1.040000000000000e+00	-2.521040e-09
-1.030000000000000e+00	-2.521030e-09
-1.020000000000000e+00	-2.521020e-09
-1.010000000000000e+00	-2.521010e-09
-1.000000000000000e+00	-2.521000e-09
-9.900000000000002e-01	-2.520990e-09
-9.799999999999995e-01	-2.520980e-09
-9.699999999999998e-01	-2.520970e-09
-9.600000000000000e-01	-2.520960e-09
-9.500000000000002e-01	-2.520950e-09
-9.399999999999995e-01	-2.520940e-09
-9.299999999999997e-01	-2.520930e-09
-9.199999999999999e-01	-2.520920e-09
-9.100000000000001e-01	-2.520910e-09
-9.000000000000004e-01	-2.520900e-09
-8.899999999999997e-01	-2.520890e-09
-8.799999999999999e-01	-2.520880e-09
-8.700000000000001e-01	-2.520870e-09
-8.600000000000003e-01	-2.520860e-09
-8.499999999999996e-01	-2.520850e-09
-8.399999999999999e-01	-2.520840e-09
-8.300000000000001e-01	-2.520830e-09
-8.200000000000003e-01	-2.520820e-09
-8.099999999999996e-01	-2.520810e-09
-7.999999999999998e-01	-2.520800e-09
-7.900000000000000e-01	-2.520790e-09
-7.800000000000002e-01	-2.520780e-09
-7.699999999999996e-01	-2.520770e-09
-7.599999999999998e-01	-2.520760e-09
-7.500000000000000e-01	-2.520750e-09
-7.400000000000002e-01	-2.520740e-09
-7.299999999999995e-01	-2.520730e-09
-7.199999999999998e-01	-2.520720e-09
-7.100000000000000e-01	-2.520710e-09
-7.000000000000002e-01	-2.520700e-09
-6.899999999999995e-01	-2.520689e-09
-6.799999999999997e-01	-2.520679e-09
-6.699999999999999e-01	-2.520669e-09
-6.600000000000001e-01	-2.520659e-09
-6.499999999999995e-01	-2.520649e-09
-6.399999999999997e-01	-2.520638e-09
-6.299999999999999e-01	-2.520628e-09
-6.200000000000001e-01	-2.520617e-09
-6.100000000000003e-01	-2.520606e-09
-5.999999999999996e-01	-2.520596e-09
-5.899999999999999e-01	-2.520584e-09
-5.800000000000001e-01	-2.520573e-09
-5.700000000000003e-01	-2.520561e-09
-5.599999999999996e-01	-2.520549e-09
-5.499999999999998e-01	-2.520536e-09
-5.400000000000000e-01	-2.520523e-09
-5.300000000000002e-01	-2.520509e-09
-5.199999999999996e-01	-2.520494e-09
-5.099999999999998e-01	-2.520478e-09
-5.000000000000000e-01	-2.520459e-09
-4.900000000000002e-01	-2.520439e-09
-4.799999999999995e-01	-2.520417e-09
-4.699999999999998e-01	-2.520391e-09
-4.600000000000000e-01	-2.520362e-09
-4.500000000000002e-01	-2.520327e-09
-4.399999999999995e-01	-2.520287e-09
-4.299999999999997e-01	-2.520239e-09
-4.199999999999999e-01	-2.520182e-09
-4.100000000000001e-01	-2.520113e-09
-3.999999999999995e-01	-2.520030e-09
-3.899999999999997e-01	-2.519929e-09
-3.799999999999999e-01	-2.519805e-09
-3.700000000000001e-01	-2.519653e-09
-3.600000000000003e-01	-2.519466e-09
-3.499999999999996e-01	-2.519236e-09
-3.399999999999999e-01	-2.518950e-09
-3.300000000000001e-01	-2.518597e-09
-3.200000000000003e-01	-2.518159e-09
-3.099999999999996e-01	-2.517616e-09
-2.999999999999998e-01	-2.516941e-09
-2.900000000000000e-01	-2.516101e-09
-2.800000000000002e-01	-2.515057e-09
-2.699999999999996e-01	-2.513757e-09
-2.599999999999998e-01	-2.512139e-09
-2.500000000000000e-01	-2.510124e-09
-2.400000000000002e-01	-2.507613e-09
-2.299999999999995e-01	-2.504486e-09
-2.199999999999998e-01	-2.500588e-09
-2.100000000000000e-01	-2.495731e-09
-2.000000000000002e-01	-2.489676e-09
-1.899999999999995e-01	-2.482129e-09
-1.799999999999997e-01	-2.472721e-09
-1.699999999999999e-01	-2.460993e-09
-1.600000000000001e-01	-2.446370e-09
-1.499999999999995e-01	-2.428141e-09
-1.399999999999997e-01	-2.405412e-09
-1.299999999999999e-01	-2.377073e-09
-1.200000000000001e-01	-2.341740e-09
-1.100000000000003e-01	-2.297684e-09
-9.999999999999964e-02	-2.242753e-09
-8.999999999999986e-02	-2.174261e-09
-8.000000000000007e-02	-2.088860e-09
-7.000000000000028e-02	-1.982374e-09
-5.999999999999961e-02	-1.849597e-09
-4.999999999999982e-02	-1.684037e-09
-4.000000000000004e-02	-1.477601e-09
-3.000000000000025e-02	-1.220195e-09
-1.999999999999957e-02	-8.992331e-10
-9.999999999999787e-03	-4.990239e-10
0.000000000000000e+00	0.000000e+00
9.999999999999787e-03	6.222367e-10
2.000000000000046e-02	1.398108e-09
3.000000000000025e-02	2.365547e-09
4.000000000000004e-02	3.571850e-09
4.999999999999982e-02	5.075992e-09
6.000000000000050e-02	6.951504e-09
7.000000000000028e-02	9.290069e-09
8.000000000000007e-02	1.220600e-08
8.999999999999986e-02	1.584182e-08
1.000000000000005e-01	2.037523e-08
1.100000000000003e-01	2.602776e-08
1.200000000000001e-01	3.307561e-08
1.299999999999999e-01	4.186309e-08
1.399999999999997e-01	5.281941e-08
1.500000000000004e-01	6.647955e-08
1.600000000000001e-01	8.351032e-08
1.699999999999999e-01	1.047427e-07
1.799999999999997e-01	1.312122e-07
1.900000000000004e-01	1.642088e-07
2.000000000000002e-01	2.053394e-07
2.100000000000000e-01	2.566049e-07
2.199999999999998e-01	3.204964e-07
2.300000000000004e-01	4.001132e-07
2.400000000000002e-01	4.993105e-07
2.500000000000000e-01	6.228797e-07
2.599999999999998e-01	7.767716e-07
2.700000000000005e-01	9.683696e-07
2.800000000000002e-01	1.206823e-06
2.900000000000000e-01	1.503455e-06
2.999999999999998e-01	1.872245e-06
3.100000000000005e-01	2.330424e-06
3.200000000000003e-01	2.899158e-06
3.300000000000001e-01	3.604361e-06
3.399999999999999e-01	4.477617e-06
3.500000000000005e-01	5.557217e-06
3.600000000000003e-01	6.889267e-06
3.700000000000001e-01	8.528840e-06
3.799999999999999e-01	1.054107e-05
3.899999999999997e-01	1.300204e-05
4.000000000000004e-01	1.599940e-05
4.100000000000001e-01	1.963228e-05
4.199999999999999e-01	2.401057e-05
4.299999999999997e-01	2.925303e-05
4.400000000000004e-01	3.548435e-05
4.500000000000002e-01	4.283093e-05
4.600000000000000e-01	5.141582e-05
4.699999999999998e-01	6.135300e-05
4.800000000000004e-01	7.274179e-05
4.900000000000002e-01	8.566197e-05
5.000000000000000e-01	1.001704e-04
5.099999999999998e-01	1.162990e-04
5.200000000000005e-01	1.340553e-04
5.300000000000002e-01	1.534239e-04
5.400000000000000e-01	1.743695e-04
5.499999999999998e-01	1.968409e-04
5.600000000000005e-01	2.207747e-04
5.700000000000003e-01	2.460991e-04
5.800000000000001e-01	2.727376e-04
5.899999999999999e-01	3.006113e-04
6.000000000000005e-01	3.296417e-04
6.100000000000003e-01	3.597520e-04
6.200000000000001e-01	3.908682e-04
6.299999999999999e-01	4.229203e-04
6.399999999999997e-01	4.558423e-04
6.500000000000004e-01	4.895725e-04
6.600000000000001e-01	5.240536e-04
6.699999999999999e-01	5.592328e-04
6.799999999999997e-01	5.950612e-04
6.900000000000004e-01	6.314939e-04
7.000000000000002e-01	6.684894e-04
7.100000000000000e-01	7.060099e-04
7.199999999999998e-01	7.440205e-04
7.300000000000004e-01	7.824893e-04
7.400000000000002e-01	8.213868e-04
7.500000000000000e-01	8.606860e-04
7.599999999999998e-01	9.003622e-04
7.700000000000005e-01	9.403924e-04
7.800000000000002e-01	9.807557e-04
7.900000000000000e-01	1.021433e-03
7.999999999999998e-01	1.062405e-03
8.100000000000005e-01	1.103657e-03
8.200000000000003e-01	1.145172e-03
8.300000000000001e-01	1.186938e-03
8.399999999999999e-01	1.228939e-03
8.500000000000005e-01	1.271165e-03
8.600000000000003e-01	1.313603e-03
8.700000000000001e-01	1.356244e-03
8.799999999999999e-01	1.399078e-03
8.899999999999997e-01	1.442094e-03
9.000000000000004e-01	1.485285e-03
9.100000000000001e-01	1.528642e-03
9.199999999999999e-01	1.572159e-03
9.299999999999997e-01	1.615827e-03
9.400000000000004e-01	1.659641e-03
9.500000000000002e-01	1.703594e-03
9.600000000000000e-01	1.747680e-03
9.699999999999998e-01	1.791894e-03
9.800000000000004e-01	1.836230e-03
9.900000000000002e-01	1.880684e-03
1.000000000000000e+00	1.925250e-03
1.010000000000000e+00	1.969926e-03
1.020000000000000e+00	2.014706e-03
1.030000000000000e+00	2.059586e-03
1.040000000000000e+00	2.104564e-03
1.050000000000000e+00	2.149635e-03
1.060000000000000e+00	2.194796e-03
1.070000000000000e+00	2.240044e-03
1.080000000000000e+00	2.285375e-03
1.090000000000000e+00	2.330788e-03
1.100000000000001e+00	2.376280e-03
1.110000000000000e+00	2.421847e-03
1.120000000000000e+00	2.467487e-03
1.130000000000000e+00	2.513198e-03
1.140000000000001e+00	2.558978e-03
1.150000000000000e+00	2.604824e-03
1.160000000000000e+00	2.650735e-03
1.170000000000000e+00	2.696709e-03
1.180000000000000e+00	2.742743e-03
1.190000000000000e+00	2.788836e-03
1.200000000000000e+00	2.834986e-03
1.210000000000000e+00	2.881192e-03
1.220000000000000e+00	2.927451e-03
1.230000000000000e+00	2.973763e-03
1.240000000000000e+00	3.020126e-03
1.250000000000000e+00	3.066539e-03
1.260000000000000e+00	3.113000e-03
1.270000000000000e+00	3.159508e-03
1.280000000000000e+00	3.206062e-03
1.290000000000000e+00	3.252660e-03
1.300000000000000e+00	3.299301e-03
1.310000000000000e+00	3.345985e-03
1.320000000000000e+00	3.392711e-03
1.330000000000000e+00	3.439476e-03
1.340000000000000e+00	3.486281e-03
1.350000000000001e+00	3.533123e-03
1.360000000000000e+00	3.580004e-03
1.370000000000000e+00	3.626920e-03
1.380000000000000e+00	3.673873e-03
1.390000000000001e+00	3.720860e-03
1.400000000000000e+00	3.767881e-03
1.410000000000000e+00	3.814935e-03
1.420000000000000e+00	3.862022e-03
1.430000000000000e+00	3.909140e-03
1.440000000000000e+00	3.956290e-03
1.450000000000000e+00	4.003470e-03
1.460000000000000e+00	4.050680e-03
1.470000000000000e+00	4.097919e-03
1.480000000000000e+00	4.145186e-03
1.490000000000000e+00	4.192481e-03
1.500000000000000e+00	4.239804e-03
1.510000000000000e+00	4.287153e-03
1.520000000000000e+00	4.334528e-03
1.530000000000000e+00	4.381929e-03
1.540000000000000e+00	4.429355e-03
1.550000000000000e+00	4.476806e-03
1.560000000000000e+00	4.524281e-03
1.570000000000000e+00	4.571780e-03
1.580000000000000e+00	4.619302e-03
1.590000000000000e+00	4.666847e-03
1.600000000000001e+00	4.714414e-03
1.610000000000000e+00	4.762003e-03
1.620000000000000e+00	4.809614e-03
1.630000000000000e+00	4.857246e-03
1.640000000000001e+00	4.904898e-03
1.650000000000000e+00	4.952571e-03
1.660000000000000e+00	5.000264e-03
1.670000000000000e+00	5.047977e-03
1.680000000000000e+00	5.095710e-03
1.690000000000000e+00	5.143460e-03
1.700000000000000e+00	5.191230e-03
1.710000000000000e+00	5.239018e-03
1.720000000000000e+00	5.286824e-03
1.730000000000000e+00	5.334648e-03
1.740000000000000e+00	5.382489e-03
1.750000000000000e+00	5.430348e-03
1.760000000000000e+00	5.478223e-03
1.770000000000000e+00	5.526115e-03
1.780000000000000e+00	5.574023e-03
1.790000000000000e+00	5.621947e-03
1.800000000000000e+00	5.669887e-03
1.810000000000000e+00	5.717842e-03
1.820000000000000e+00	5.765813e-03
1.830000000000000e+00	5.813799e-03
1.840000000000000e+00	5.861800e-03
1.850000000000001e+00	5.909815e-03
1.860000000000000e+00	5.957845e-03
1.870000000000000e+00	6.005888e-03
1.880000000000000e+00	6.053946e-03
1.890000000000001e+00	6.102018e-03
1.900000000000000e+00	6.150103e-03
1.910000000000000e+00	6.198201e-03
1.920000000000000e+00	6.246313e-03
1.930000000000000e+00	6.294437e-03
1.940000000000000e+00	6.342574e-03
1.950000000000000e+00	6.390723e-03
1.960000000000000e+00	6.438886e-03
1.970000000000000e+00	6.487060e-03
1.980000000000000e+00	6.535246e-03
1.990000000000000e+00	6.583444e-03
2.000000000000000e+00	6.631654e-03
2.010000000000000e+00	6.679876e-03
2.020000000000000e+00	6.728109e-03
2.030000000000000e+00	6.776353e-03
2.040000000000000e+00	6.824608e-03
2.050000000000000e+00	6.872874e-03
2.060000000000000e+00	6.921151e-03
2.070000000000000e+00	6.969439e-03
2.080000000000000e+00	7.017737e-03
2.090000000000000e+00	7.066045e-03
2.100000000000001e+00	7.114364e-03
2.110000000000000e+00	7.162692e-03
2.120000000000000e+00	7.211031e-03
2.130000000000000e+00	7.259380e-03
2.140000000000001e+00	7.307739e-03
2.150000000000000e+00	7.356106e-03
2.160000000000000e+00	7.404484e-03
2.170000000000000e+00	7.452870e-03
2.180000000000000e+00	7.501266e-03
2.190000000000000e+00	7.549671e-03
2.200000000000000e+00	7.598086e-03
2.210000000000000e+00	7.646509e-03
2.220000000000000e+00	7.694941e-03
2.230000000000000e+00	7.743381e-03
2.240000000000000e+00	7.791830e-03
2.250000000000000e+00	7.840288e-03
2.260000000000000e+00	7.888754e-03
2.270000000000000e+00	7.937228e-03
2.280000000000000e+00	7.985711e-03
2.290000000000000e+00	8.034201e-03
2.300000000000000e+00	8.082700e-03
2.310000000000000e+00	8.131207e-03
2.320000000000000e+00	8.179721e-03
2.330000000000000e+00	8.228243e-03
2.340000000000000e+00	8.276773e-03
2.350000000000001e+00	8.325310e-03
2.360000000000000e+00	8.373856e-03
2.370000000000000e+00	8.422407e-03
2.380000000000000e+00	8.470966e-03
2.390000000000001e+00	8.519534e-03
2.400000000000000e+00	8.568107e-03
2.410000000000000e+00	8.616689e-03
2.420000000000000e+00	8.665277e-03
2.430000000000000e+00	8.713871e-03
2.440000000000000e+00	8.762473e-03
2.450000000000000e+00	8.811082e-03
2.460000000000000e+00	8.859697e-03
2.470000000000000e+00	8.908318e-03
2.480000000000000e+00	8.956947e-03
2.490000000000000e+00	9.005582e-03
2.500000000000000e+00	9.054223e-03
2.510000000000000e+00	9.102871e-03
2.520000000000000e+00	9.151525e-03
2.530000000000000e+00	9.200186e-03
2.540000000000000e+00	9.248852e-03
2.550000000000000e+00	9.297525e-03
2.560000000000000e+00	9.346203e-03
2.570000000000000e+00	9.394888e-03
2.580000000000000e+00	9.443578e-03
2.590000000000000e+00	9.492274e-03
2.600000000000001e+00	9.540976e-03
2.610000000000000e+00	9.589684e-03
2.620000000000000e+00	9.638398e-03
2.630000000000000e+00	9.687117e-03
2.640000000000001e+00	9.735842e-03
2.650000000000000e+00	9.784573e-03
2.660000000000000e+00	9.833308e-03
2.670000000000000e+00	9.882050e-03
2.680000000000000e+00	9.930796e-03
2.690000000000000e+00	9.979548e-03
2.700000000000000e+00	1.002831e-02
2.710000000000000e+00	1.007707e-02
2.720000000000000e+00	1.012584e-02
2.730000000000000e+00	1.017461e-02
2.740000000000000e+00	1.022339e-02
2.750000000000000e+00	1.027217e-02
2.760000000000000e+00	1.032096e-02
2.770000000000000e+00	1.036975e-02
2.780000000000000e+00	1.041855e-02
2.790000000000000e+00	1.046735e-02
2.800000000000000e+00	1.051616e-02
2.810000000000000e+00	1.056497e-02
2.820000000000000e+00	1.061379e-02
2.830000000000000e+00	1.066261e-02
2.840000000000000e+00	1.071143e-02
2.850000000000001e+00	1.076026e-02
2.860000000000000e+00	1.080910e-02
2.870000000000000e+00	1.085794e-02
2.880000000000000e+00	1.090678e-02
2.890000000000001e+00	1.095563e-02
2.900000000000000e+00	1.100449e-02
2.910000000000000e+00	1.105334e-02
2.920000000000000e+00	1.110221e-02
2.930000000000001e+00	1.115107e-02
2.940000000000000e+00	1.119994e-02
2.950000000000000e+00	1.124882e-02
2.960000000000000e+00	1.129770e-02
2.970000000000000e+00	1.134658e-02
2.980000000000000e+00	1.139547e-02
2.990000000000000e+00	1.144436e-02
3.000000000000000e+00	1.149325e-02
3.010000000000000e+00	1.154215e-02
3.020000000000000e+00	1.159105e-02
3.029999999999999e+00	1.163996e-02
3.040000000000001e+00	1.168887e-02
3.050000000000001e+00	1.173779e-02
3.060000000000000e+00	1.178671e-02
3.070000000000000e+00	1.183563e-02
3.080000000000000e+00	1.188455e-02
3.090000000000000e+00	1.193349e-02
3.100000000000000e+00	1.198242e-02
3.109999999999999e+00	1.203136e-02
3.120000000000001e+00	1.208030e-02
3.130000000000001e+00	1.212924e-02
3.140000000000001e+00	1.217819e-02
3.150000000000000e+00	1.222714e-02
3.160000000000000e+00	1.227610e-02
3.170000000000000e+00	1.232506e-02
3.180000000000000e+00	1.237402e-02
3.190000000000000e+00	1.242299e-02
3.199999999999999e+00	1.247196e-02
3.210000000000001e+00	1.252093e-02
3.220000000000001e+00	1.256991e-02
3.230000000000000e+00	1.261888e-02
3.240000000000000e+00	1.266787e-02
3.250000000000000e+00	1.271685e-02
3.260000000000000e+00	1.276584e-02
3.270000000000000e+00	1.281484e-02
3.279999999999999e+00	1.286383e-02
3.290000000000001e+00	1.291283e-02
3.300000000000001e+00	1.296183e-02
3.310000000000000e+00	1.301084e-02
3.320000000000000e+00	1.305985e-02
3.330000000000000e+00	1.310886e-02
3.340000000000000e+00	1.315788e-02
3.350000000000000e+00	1.320690e-02
3.359999999999999e+00	1.325592e-02
3.370000000000001e+00	1.330494e-02
3.380000000000001e+00	1.335397e-02
3.390000000000001e+00	1.340300e-02
3.400000000000000e+00	1.345203e-02
3.410000000000000e+00	1.350107e-02
3.420000000000000e+00	1.355011e-02
3.430000000000000e+00	1.359915e-02
3.440000000000000e+00	1.364820e-02
3.449999999999999e+00	1.369724e-02
3.460000000000001e+00	1.374629e-02
3.470000000000001e+00	1.379535e-02
3.480000000000000e+00	1.384440e-02
3.490000000000000e+00	1.389346e-02
3.500000000000000e+00	1.394252e-02
3.510000000000000e+00	1.399159e-02
3.520000000000000e+00	1.404066e-02
3.529999999999999e+00	1.408973e-02
3.540000000000001e+00	1.413880e-02
3.550000000000001e+00	1.418788e-02
3.560000000000000e+00	1.423695e-02
3.570000000000000e+00	1.428603e-02
3.580000000000000e+00	1.433512e-02
3.590000000000000e+00	1.438420e-02
3.600000000000000e+00	1.443329e-02
3.609999999999999e+00	1.448238e-02
3.620000000000001e+00	1.453148e-02
3.630000000000001e+00	1.458057e-02
3.640000000000001e+00	1.462967e-02
3.650000000000000e+00	1.467877e-02
3.660000000000000e+00	1.472788e-02
3.670000000000000e+00	1.477698e-02
3.680000000000000e+00	1.482609e-02
3.690000000000000e+00	1.487520e-02
3.700000000000001e+00	1.492432e-02
3.710000000000001e+00	1.497343e-02
3.720000000000001e+00	1.502255e-02
3.730000000000000e+00	1.507167e-02
3.740000000000000e+00	1.512080e-02
3.750000000000000e+00	1.516992e-02
3.760000000000000e+00	1.521905e-02
3.770000000000000e+00	1.526818e-02
3.779999999999999e+00	1.531731e-02
3.790000000000001e+00	1.536645e-02
3.800000000000001e+00	1.541558e-02
3.810000000000000e+00	1.546472e-02
3.820000000000000e+00	1.551387e-02
3.830000000000000e+00	1.556301e-02
3.840000000000000e+00	1.561216e-02
3.850000000000000e+00	1.566130e-02
3.859999999999999e+00	1.571045e-02
3.870000000000001e+00	1.575961e-02
3.880000000000001e+00	1.580876e-02
3.890000000000001e+00	1.585792e-02
3.900000000000000e+00	1.590708e-02
3.910000000000000e+00	1.595624e-02
3.920000000000000e+00	1.600540e-02
3.930000000000000e+00	1.605457e-02
3.940000000000000e+00	1.610374e-02
3.950000000000001e+00	1.615291e-02
3.960000000000001e+00	1.620208e-02
3.970000000000001e+00	1.625125e-02
3.980000000000000e+00	1.630043e-02
3.990000000000000e+00	1.634960e-02
4.000000000000000e+00	1.639878e-02
4.010000000000000e+00	1.644797e-02
4.020000000000000e+00	1.649715e-02
4.029999999999999e+00	1.654634e-02
4.040000000000001e+00	1.659552e-02
4.050000000000001e+00	1.664471e-02
4.060000000000000e+00	1.669390e-02
4.070000000000000e+00	1.674310e-02
4.080000000000000e+00	1.679229e-02
4.090000000000000e+00	1.684149e-02
4.100000000000000e+00	1.689069e-02
4.109999999999999e+00	1.693989e-02
4.120000000000001e+00	1.698910e-02
4.130000000000001e+00	1.703830e-02
4.140000000000001e+00	1.708751e-02
4.150000000000000e+00	1.713672e-02
4.160000000000000e+00	1.718592e-02
4.170000000000000e+00	1.723514e-02
4.180000000000000e+00	1.728435e-02
4.190000000000000e+00	1.733357e-02
4.200000000000001e+00	1.738279e-02
4.210000000000001e+00	1.743201e-02
4.220000000000001e+00	1.748123e-02
4.230000000000000e+00	1.753045e-02
4.240000000000000e+00	1.757967e-02
4.250000000000000e+00	1.762890e-02
4.260000000000000e+00	1.767813e-02
4.270000000000000e+00	1.772736e-02
4.279999999999999e+00	1.777659e-02
4.290000000000001e+00	1.782583e-02
4.300000000000001e+00	1.787506e-02
4.310000000000000e+00	1.792430e-02
4.320000000000000e+00	1.797354e-02
4.330000000000000e+00	1.802278e-02
4.340000000000000e+00	1.807202e-02
4.350000000000000e+00	1.812126e-02
4.359999999999999e+00	1.817051e-02
4.370000000000001e+00	1.821975e-02
4.380000000000001e+00	1.826900e-02
4.390000000000001e+00	1.831825e-02
4.400000000000000e+00	1.836750e-02
4.410000000000000e+00	1.841676e-02
4.420000000000000e+00	1.846601e-02
4.430000000000000e+00	1.851527e-02
4.440000000000000e+00	1.856453e-02
4.450000000000001e+00	1.861379e-02
4.460000000000001e+00	1.866305e-02
4.470000000000001e+00	1.871231e-02
4.480000000000000e+00	1.876158e-02
4.490000000000000e+00	1.881084e-02
4.500000000000000e+00	1.886011e-02
4.510000000000000e+00	1.890938e-02
4.520000000000000e+00	1.895865e-02
4.529999999999999e+00	1.900792e-02
4.540000000000001e+00	1.905719e-02
4.550000000000001e+00	1.910647e-02
4.560000000000000e+00	1.915574e-02
4.570000000000000e+00	1.920502e-02
4.580000000000000e+00	1.925430e-02
4.590000000000000e+00	1.930358e-02
4.600000000000000e+00	1.935286e-02
4.609999999999999e+00	1.940215e-02
4.620000000000001e+00	1.945143e-02
4.630000000000001e+00	1.950072e-02
4.640000000000001e+00	1.955001e-02
4.650000000000000e+00	1.959930e-02
4.660000000000000e+00	1.964859e-02
4.670000000000000e+00	1.969788e-02
4.680000000000000e+00	1.974718e-02
4.690000000000000e+00	1.979647e-02
4.700000000000001e+00	1.984577e-02
4.710000000000001e+00	1.989507e-02
4.720000000000001e+00	1.994436e-02
4.730000000000000e+00	1.999366e-02
4.740000000000000e+00	2.004297e-02
4.750000000000000e+00	2.009227e-02
4.760000000000000e+00	2.014158e-02
4.770000000000000e+00	2.019088e-02
4.779999999999999e+00	2.024019e-02
4.790000000000001e+00	2.028950e-02
4.800000000000001e+00	2.033881e-02
4.810000000000000e+00	2.038812e-02
4.820000000000000e+00	2.043743e-02
4.830000000000000e+00	2.048674e-02
4.840000000000000e+00	2.053606e-02
4.850000000000000e+00	2.058538e-02
4.859999999999999e+00	2.063469e-02
4.870000000000001e+00	2.068401e-02
4.880000000000001e+00	2.073333e-02
4.890000000000001e+00	2.078266e-02
4.900000000000000e+00	2.083198e-02
4.910000000000000e+00	2.088130e-02
4.920000000000000e+00	2.093063e-02
4.930000000000000e+00	2.097995e-02
4.940000000000000e+00	2.102928e-02
4.950000000000001e+00	2.107861e-02
4.960000000000001e+00	2.112794e-02
4.970000000000001e+00	2.117727e-02
4.980000000000000e+00	2.122661e-02
4.990000000000000e+00	2.127594e-02
5.000000000000000e+00	2.132527e-02
