V1	Ix(D1:+)
-5.000000000000000e+00	-1.362432e-08
-4.990000000000000e+00	-1.362346e-08
-4.980000000000000e+00	-1.362259e-08
-4.970000000000000e+00	-1.362172e-08
-4.960000000000000e+00	-1.362086e-08
-4.950000000000000e+00	-1.361999e-08
-4.940000000000000e+00	-1.361913e-08
-4.930000000000000e+00	-1.361826e-08
-4.920000000000000e+00	-1.361739e-08
-4.910000000000000e+00	-1.361652e-08
-4.900000000000000e+00	-1.361566e-08
-4.890000000000000e+00	-1.361479e-08
-4.880000000000000e+00	-1.361393e-08
-4.870000000000000e+00	-1.361306e-08
-4.860000000000000e+00	-1.361219e-08
-4.850000000000000e+00	-1.361133e-08
-4.840000000000000e+00	-1.361046e-08
-4.830000000000000e+00	-1.360959e-08
-4.820000000000000e+00	-1.360872e-08
-4.810000000000000e+00	-1.360785e-08
-4.800000000000000e+00	-1.360698e-08
-4.790000000000000e+00	-1.360612e-08
-4.780000000000000e+00	-1.360525e-08
-4.770000000000000e+00	-1.360438e-08
-4.760000000000000e+00	-1.360351e-08
-4.750000000000000e+00	-1.360264e-08
-4.740000000000000e+00	-1.360177e-08
-4.730000000000000e+00	-1.360090e-08
-4.720000000000000e+00	-1.360003e-08
-4.710000000000000e+00	-1.359916e-08
-4.700000000000000e+00	-1.359829e-08
-4.690000000000000e+00	-1.359742e-08
-4.680000000000000e+00	-1.359655e-08
-4.670000000000000e+00	-1.359568e-08
-4.660000000000000e+00	-1.359481e-08
-4.650000000000000e+00	-1.359394e-08
-4.640000000000000e+00	-1.359307e-08
-4.630000000000000e+00	-1.359220e-08
-4.620000000000000e+00	-1.359133e-08
-4.610000000000000e+00	-1.359046e-08
-4.600000000000000e+00	-1.358958e-08
-4.590000000000000e+00	-1.358871e-08
-4.580000000000000e+00	-1.358784e-08
-4.570000000000000e+00	-1.358697e-08
-4.560000000000000e+00	-1.358610e-08
-4.550000000000000e+00	-1.358523e-08
-4.540000000000000e+00	-1.358435e-08
-4.530000000000000e+00	-1.358348e-08
-4.520000000000000e+00	-1.358261e-08
-4.510000000000000e+00	-1.358173e-08
-4.500000000000000e+00	-1.358086e-08
-4.490000000000000e+00	-1.357999e-08
-4.480000000000000e+00	-1.357912e-08
-4.470000000000000e+00	-1.357824e-08
-4.460000000000000e+00	-1.357737e-08
-4.450000000000000e+00	-1.357649e-08
-4.440000000000000e+00	-1.357562e-08
-4.430000000000000e+00	-1.357475e-08
-4.420000000000000e+00	-1.357387e-08
-4.410000000000000e+00	-1.357300e-08
-4.400000000000000e+00	-1.357212e-08
-4.390000000000000e+00	-1.357125e-08
-4.380000000000000e+00	-1.357037e-08
-4.370000000000000e+00	-1.356950e-08
-4.360000000000000e+00	-1.356862e-08
-4.350000000000000e+00	-1.356775e-08
-4.340000000000000e+00	-1.356687e-08
-4.330000000000000e+00	-1.356599e-08
-4.320000000000000e+00	-1.356512e-08
-4.310000000000000e+00	-1.356424e-08
-4.300000000000000e+00	-1.356337e-08
-4.290000000000000e+00	-1.356249e-08
-4.280000000000000e+00	-1.356161e-08
-4.270000000000000e+00	-1.356073e-08
-4.260000000000000e+00	-1.355986e-08
-4.250000000000000e+00	-1.355898e-08
-4.240000000000000e+00	-1.355810e-08
-4.230000000000000e+00	-1.355722e-08
-4.220000000000000e+00	-1.355635e-08
-4.210000000000000e+00	-1.355547e-08
-4.200000000000000e+00	-1.355459e-08
-4.190000000000000e+00	-1.355371e-08
-4.180000000000000e+00	-1.355283e-08
-4.170000000000000e+00	-1.355195e-08
-4.160000000000000e+00	-1.355107e-08
-4.150000000000000e+00	-1.355019e-08
-4.140000000000000e+00	-1.354932e-08
-4.130000000000000e+00	-1.354844e-08
-4.120000000000000e+00	-1.354755e-08
-4.110000000000000e+00	-1.354667e-08
-4.100000000000000e+00	-1.354579e-08
-4.090000000000000e+00	-1.354491e-08
-4.080000000000000e+00	-1.354403e-08
-4.070000000000000e+00	-1.354315e-08
-4.060000000000000e+00	-1.354227e-08
-4.050000000000000e+00	-1.354139e-08
-4.040000000000000e+00	-1.354051e-08
-4.030000000000000e+00	-1.353963e-08
-4.020000000000000e+00	-1.353875e-08
-4.010000000000000e+00	-1.353786e-08
-4.000000000000000e+00	-1.353698e-08
-3.990000000000000e+00	-1.353610e-08
-3.980000000000000e+00	-1.353522e-08
-3.970000000000000e+00	-1.353433e-08
-3.960000000000000e+00	-1.353345e-08
-3.950000000000000e+00	-1.353257e-08
-3.940000000000000e+00	-1.353168e-08
-3.930000000000000e+00	-1.353080e-08
-3.920000000000000e+00	-1.352991e-08
-3.910000000000000e+00	-1.352903e-08
-3.900000000000000e+00	-1.352815e-08
-3.890000000000000e+00	-1.352726e-08
-3.880000000000000e+00	-1.352638e-08
-3.870000000000000e+00	-1.352549e-08
-3.860000000000000e+00	-1.352461e-08
-3.850000000000000e+00	-1.352373e-08
-3.840000000000000e+00	-1.352284e-08
-3.830000000000000e+00	-1.352195e-08
-3.820000000000000e+00	-1.352107e-08
-3.810000000000000e+00	-1.352018e-08
-3.800000000000000e+00	-1.351929e-08
-3.790000000000000e+00	-1.351841e-08
-3.780000000000000e+00	-1.351752e-08
-3.770000000000000e+00	-1.351663e-08
-3.760000000000000e+00	-1.351575e-08
-3.750000000000000e+00	-1.351486e-08
-3.740000000000000e+00	-1.351397e-08
-3.730000000000000e+00	-1.351308e-08
-3.720000000000000e+00	-1.351220e-08
-3.710000000000000e+00	-1.351131e-08
-3.700000000000000e+00	-1.351042e-08
-3.690000000000000e+00	-1.350953e-08
-3.680000000000000e+00	-1.350864e-08
-3.670000000000000e+00	-1.350775e-08
-3.660000000000000e+00	-1.350686e-08
-3.650000000000000e+00	-1.350597e-08
-3.640000000000000e+00	-1.350508e-08
-3.630000000000000e+00	-1.350419e-08
-3.620000000000000e+00	-1.350330e-08
-3.610000000000000e+00	-1.350241e-08
-3.600000000000000e+00	-1.350152e-08
-3.590000000000000e+00	-1.350063e-08
-3.580000000000000e+00	-1.349973e-08
-3.570000000000000e+00	-1.349885e-08
-3.560000000000000e+00	-1.349795e-08
-3.550000000000000e+00	-1.349706e-08
-3.540000000000000e+00	-1.349617e-08
-3.530000000000000e+00	-1.349528e-08
-3.520000000000000e+00	-1.349438e-08
-3.510000000000000e+00	-1.349349e-08
-3.500000000000000e+00	-1.349260e-08
-3.490000000000000e+00	-1.349170e-08
-3.480000000000000e+00	-1.349081e-08
-3.470000000000000e+00	-1.348992e-08
-3.460000000000000e+00	-1.348902e-08
-3.450000000000000e+00	-1.348813e-08
-3.440000000000000e+00	-1.348723e-08
-3.430000000000000e+00	-1.348634e-08
-3.420000000000000e+00	-1.348544e-08
-3.410000000000000e+00	-1.348454e-08
-3.400000000000000e+00	-1.348365e-08
-3.390000000000000e+00	-1.348275e-08
-3.380000000000000e+00	-1.348186e-08
-3.370000000000000e+00	-1.348096e-08
-3.360000000000000e+00	-1.348006e-08
-3.350000000000000e+00	-1.347916e-08
-3.340000000000000e+00	-1.347827e-08
-3.330000000000000e+00	-1.347737e-08
-3.320000000000000e+00	-1.347647e-08
-3.310000000000000e+00	-1.347557e-08
-3.300000000000000e+00	-1.347468e-08
-3.290000000000000e+00	-1.347378e-08
-3.280000000000000e+00	-1.347288e-08
-3.270000000000000e+00	-1.347198e-08
-3.260000000000000e+00	-1.347108e-08
-3.250000000000000e+00	-1.347018e-08
-3.240000000000000e+00	-1.346928e-08
-3.230000000000000e+00	-1.346838e-08
-3.220000000000000e+00	-1.346748e-08
-3.210000000000000e+00	-1.346658e-08
-3.200000000000000e+00	-1.346568e-08
-3.190000000000000e+00	-1.346478e-08
-3.180000000000000e+00	-1.346387e-08
-3.170000000000000e+00	-1.346297e-08
-3.160000000000000e+00	-1.346207e-08
-3.150000000000000e+00	-1.346116e-08
-3.140000000000000e+00	-1.346026e-08
-3.130000000000000e+00	-1.345936e-08
-3.120000000000000e+00	-1.345846e-08
-3.110000000000000e+00	-1.345755e-08
-3.100000000000000e+00	-1.345665e-08
-3.090000000000000e+00	-1.345574e-08
-3.080000000000000e+00	-1.345484e-08
-3.070000000000000e+00	-1.345393e-08
-3.060000000000000e+00	-1.345303e-08
-3.050000000000000e+00	-1.345212e-08
-3.040000000000000e+00	-1.345122e-08
-3.030000000000000e+00	-1.345031e-08
-3.020000000000000e+00	-1.344940e-08
-3.010000000000000e+00	-1.344850e-08
-3.000000000000000e+00	-1.344759e-08
-2.990000000000000e+00	-1.344668e-08
-2.980000000000000e+00	-1.344577e-08
-2.970000000000000e+00	-1.344486e-08
-2.960000000000000e+00	-1.344396e-08
-2.950000000000000e+00	-1.344305e-08
-2.940000000000000e+00	-1.344214e-08
-2.930000000000000e+00	-1.344123e-08
-2.920000000000000e+00	-1.344032e-08
-2.910000000000000e+00	-1.343941e-08
-2.900000000000000e+00	-1.343850e-08
-2.890000000000000e+00	-1.343759e-08
-2.880000000000000e+00	-1.343668e-08
-2.870000000000000e+00	-1.343577e-08
-2.860000000000000e+00	-1.343485e-08
-2.850000000000000e+00	-1.343394e-08
-2.840000000000000e+00	-1.343303e-08
-2.830000000000000e+00	-1.343211e-08
-2.820000000000000e+00	-1.343120e-08
-2.810000000000000e+00	-1.343029e-08
-2.800000000000000e+00	-1.342937e-08
-2.790000000000000e+00	-1.342846e-08
-2.780000000000000e+00	-1.342754e-08
-2.770000000000000e+00	-1.342663e-08
-2.760000000000000e+00	-1.342571e-08
-2.750000000000000e+00	-1.342480e-08
-2.740000000000000e+00	-1.342388e-08
-2.730000000000000e+00	-1.342297e-08
-2.720000000000000e+00	-1.342205e-08
-2.710000000000000e+00	-1.342113e-08
-2.700000000000000e+00	-1.342021e-08
-2.690000000000000e+00	-1.341930e-08
-2.680000000000000e+00	-1.341838e-08
-2.670000000000000e+00	-1.341746e-08
-2.660000000000000e+00	-1.341654e-08
-2.650000000000000e+00	-1.341562e-08
-2.640000000000000e+00	-1.341470e-08
-2.630000000000000e+00	-1.341378e-08
-2.620000000000000e+00	-1.341286e-08
-2.610000000000000e+00	-1.341194e-08
-2.600000000000000e+00	-1.341102e-08
-2.590000000000000e+00	-1.341010e-08
-2.580000000000000e+00	-1.340917e-08
-2.570000000000000e+00	-1.340825e-08
-2.560000000000000e+00	-1.340733e-08
-2.550000000000000e+00	-1.340640e-08
-2.540000000000000e+00	-1.340548e-08
-2.530000000000000e+00	-1.340456e-08
-2.520000000000000e+00	-1.340363e-08
-2.510000000000000e+00	-1.340271e-08
-2.500000000000000e+00	-1.340178e-08
-2.490000000000000e+00	-1.340086e-08
-2.480000000000000e+00	-1.339993e-08
-2.470000000000000e+00	-1.339900e-08
-2.460000000000000e+00	-1.339807e-08
-2.450000000000000e+00	-1.339715e-08
-2.440000000000000e+00	-1.339622e-08
-2.430000000000000e+00	-1.339529e-08
-2.420000000000000e+00	-1.339436e-08
-2.410000000000000e+00	-1.339343e-08
-2.400000000000000e+00	-1.339250e-08
-2.390000000000000e+00	-1.339157e-08
-2.380000000000000e+00	-1.339064e-08
-2.370000000000000e+00	-1.338971e-08
-2.360000000000000e+00	-1.338878e-08
-2.350000000000000e+00	-1.338784e-08
-2.340000000000000e+00	-1.338691e-08
-2.330000000000000e+00	-1.338598e-08
-2.320000000000000e+00	-1.338505e-08
-2.310000000000000e+00	-1.338411e-08
-2.300000000000000e+00	-1.338318e-08
-2.290000000000000e+00	-1.338224e-08
-2.280000000000000e+00	-1.338131e-08
-2.270000000000000e+00	-1.338037e-08
-2.260000000000000e+00	-1.337943e-08
-2.250000000000000e+00	-1.337850e-08
-2.240000000000000e+00	-1.337756e-08
-2.230000000000000e+00	-1.337662e-08
-2.220000000000000e+00	-1.337569e-08
-2.210000000000000e+00	-1.337475e-08
-2.200000000000000e+00	-1.337381e-08
-2.190000000000000e+00	-1.337287e-08
-2.180000000000000e+00	-1.337192e-08
-2.170000000000000e+00	-1.337098e-08
-2.160000000000000e+00	-1.337004e-08
-2.150000000000000e+00	-1.336910e-08
-2.140000000000000e+00	-1.336816e-08
-2.130000000000000e+00	-1.336722e-08
-2.120000000000000e+00	-1.336627e-08
-2.110000000000000e+00	-1.336533e-08
-2.100000000000000e+00	-1.336438e-08
-2.090000000000000e+00	-1.336344e-08
-2.080000000000000e+00	-1.336249e-08
-2.070000000000000e+00	-1.336154e-08
-2.060000000000000e+00	-1.336060e-08
-2.050000000000000e+00	-1.335965e-08
-2.040000000000000e+00	-1.335870e-08
-2.030000000000000e+00	-1.335775e-08
-2.020000000000000e+00	-1.335680e-08
-2.010000000000000e+00	-1.335585e-08
-2.000000000000000e+00	-1.335490e-08
-1.990000000000000e+00	-1.335395e-08
-1.980000000000000e+00	-1.335300e-08
-1.970000000000000e+00	-1.335205e-08
-1.960000000000000e+00	-1.335110e-08
-1.950000000000000e+00	-1.335014e-08
-1.940000000000000e+00	-1.334919e-08
-1.930000000000000e+00	-1.334823e-08
-1.920000000000000e+00	-1.334728e-08
-1.910000000000000e+00	-1.334632e-08
-1.900000000000000e+00	-1.334537e-08
-1.890000000000000e+00	-1.334441e-08
-1.880000000000000e+00	-1.334345e-08
-1.870000000000000e+00	-1.334249e-08
-1.860000000000000e+00	-1.334153e-08
-1.850000000000000e+00	-1.334057e-08
-1.840000000000000e+00	-1.333961e-08
-1.830000000000000e+00	-1.333865e-08
-1.820000000000000e+00	-1.333769e-08
-1.810000000000000e+00	-1.333673e-08
-1.800000000000000e+00	-1.333576e-08
-1.790000000000000e+00	-1.333480e-08
-1.780000000000000e+00	-1.333384e-08
-1.770000000000000e+00	-1.333287e-08
-1.760000000000000e+00	-1.333190e-08
-1.750000000000000e+00	-1.333094e-08
-1.740000000000000e+00	-1.332997e-08
-1.730000000000000e+00	-1.332900e-08
-1.720000000000000e+00	-1.332803e-08
-1.710000000000000e+00	-1.332706e-08
-1.700000000000000e+00	-1.332609e-08
-1.690000000000000e+00	-1.332512e-08
-1.680000000000000e+00	-1.332415e-08
-1.670000000000000e+00	-1.332318e-08
-1.660000000000000e+00	-1.332220e-08
-1.650000000000000e+00	-1.332123e-08
-1.640000000000000e+00	-1.332025e-08
-1.630000000000000e+00	-1.331928e-08
-1.620000000000000e+00	-1.331830e-08
-1.610000000000000e+00	-1.331733e-08
-1.600000000000000e+00	-1.331635e-08
-1.590000000000000e+00	-1.331537e-08
-1.580000000000000e+00	-1.331439e-08
-1.570000000000000e+00	-1.331341e-08
-1.560000000000000e+00	-1.331243e-08
-1.550000000000000e+00	-1.331144e-08
-1.540000000000000e+00	-1.331046e-08
-1.530000000000000e+00	-1.330948e-08
-1.520000000000000e+00	-1.330849e-08
-1.510000000000000e+00	-1.330751e-08
-1.500000000000000e+00	-1.330652e-08
-1.490000000000000e+00	-1.330553e-08
-1.480000000000000e+00	-1.330455e-08
-1.470000000000000e+00	-1.330356e-08
-1.460000000000000e+00	-1.330257e-08
-1.450000000000000e+00	-1.330157e-08
-1.440000000000000e+00	-1.330058e-08
-1.430000000000000e+00	-1.329959e-08
-1.420000000000000e+00	-1.329860e-08
-1.410000000000000e+00	-1.329760e-08
-1.400000000000000e+00	-1.329661e-08
-1.390000000000000e+00	-1.329561e-08
-1.380000000000000e+00	-1.329461e-08
-1.370000000000000e+00	-1.329361e-08
-1.360000000000000e+00	-1.329261e-08
-1.350000000000000e+00	-1.329161e-08
-1.340000000000000e+00	-1.329061e-08
-1.330000000000000e+00	-1.328961e-08
-1.320000000000000e+00	-1.328860e-08
-1.310000000000000e+00	-1.328760e-08
-1.300000000000000e+00	-1.328659e-08
-1.290000000000000e+00	-1.328559e-08
-1.280000000000000e+00	-1.328458e-08
-1.270000000000000e+00	-1.328357e-08
-1.260000000000000e+00	-1.328256e-08
-1.250000000000000e+00	-1.328155e-08
-1.240000000000000e+00	-1.328054e-08
-1.230000000000000e+00	-1.327952e-08
-1.220000000000000e+00	-1.327851e-08
-1.210000000000000e+00	-1.327749e-08
-1.200000000000000e+00	-1.327648e-08
-1.190000000000000e+00	-1.327546e-08
-1.180000000000000e+00	-1.327444e-08
-1.170000000000000e+00	-1.327342e-08
-1.160000000000000e+00	-1.327240e-08
-1.150000000000000e+00	-1.327138e-08
-1.140000000000000e+00	-1.327035e-08
-1.130000000000000e+00	-1.326933e-08
-1.120000000000000e+00	-1.326830e-08
-1.110000000000000e+00	-1.326727e-08
-1.100000000000000e+00	-1.326624e-08
-1.090000000000000e+00	-1.326521e-08
-1.080000000000000e+00	-1.326418e-08
-1.070000000000000e+00	-1.326315e-08
-1.060000000000000e+00	-1.326211e-08
-1.050000000000000e+00	-1.326108e-08
-1.040000000000000e+00	-1.326004e-08
-1.030000000000000e+00	-1.325900e-08
-1.020000000000000e+00	-1.325796e-08
-1.010000000000000e+00	-1.325692e-08
-1.000000000000000e+00	-1.325588e-08
-9.900000000000002e-01	-1.325484e-08
-9.799999999999995e-01	-1.325379e-08
-9.699999999999998e-01	-1.325274e-08
-9.600000000000000e-01	-1.325170e-08
-9.500000000000002e-01	-1.325065e-08
-9.399999999999995e-01	-1.324960e-08
-9.299999999999997e-01	-1.324854e-08
-9.199999999999999e-01	-1.324749e-08
-9.100000000000001e-01	-1.324643e-08
-9.000000000000004e-01	-1.324537e-08
-8.899999999999997e-01	-1.324431e-08
-8.799999999999999e-01	-1.324325e-08
-8.700000000000001e-01	-1.324219e-08
-8.600000000000003e-01	-1.324113e-08
-8.499999999999996e-01	-1.324006e-08
-8.399999999999999e-01	-1.323899e-08
-8.300000000000001e-01	-1.323793e-08
-8.200000000000003e-01	-1.323686e-08
-8.099999999999996e-01	-1.323578e-08
-7.999999999999998e-01	-1.323471e-08
-7.900000000000000e-01	-1.323363e-08
-7.800000000000002e-01	-1.323255e-08
-7.699999999999996e-01	-1.323148e-08
-7.599999999999998e-01	-1.323039e-08
-7.500000000000000e-01	-1.322931e-08
-7.400000000000002e-01	-1.322822e-08
-7.299999999999995e-01	-1.322714e-08
-7.199999999999998e-01	-1.322605e-08
-7.100000000000000e-01	-1.322496e-08
-7.000000000000002e-01	-1.322386e-08
-6.899999999999995e-01	-1.322277e-08
-6.799999999999997e-01	-1.322167e-08
-6.699999999999999e-01	-1.322057e-08
-6.600000000000001e-01	-1.321947e-08
-6.499999999999995e-01	-1.321837e-08
-6.399999999999997e-01	-1.321726e-08
-6.299999999999999e-01	-1.321615e-08
-6.200000000000001e-01	-1.321504e-08
-6.100000000000003e-01	-1.321393e-08
-5.999999999999996e-01	-1.321281e-08
-5.899999999999999e-01	-1.321169e-08
-5.800000000000001e-01	-1.321057e-08
-5.700000000000003e-01	-1.320945e-08
-5.599999999999996e-01	-1.320832e-08
-5.499999999999998e-01	-1.320720e-08
-5.400000000000000e-01	-1.320606e-08
-5.300000000000002e-01	-1.320493e-08
-5.199999999999996e-01	-1.320379e-08
-5.099999999999998e-01	-1.320265e-08
-5.000000000000000e-01	-1.320150e-08
-4.900000000000002e-01	-1.320035e-08
-4.799999999999995e-01	-1.319919e-08
-4.699999999999998e-01	-1.319803e-08
-4.600000000000000e-01	-1.319686e-08
-4.500000000000002e-01	-1.319569e-08
-4.399999999999995e-01	-1.319450e-08
-4.299999999999997e-01	-1.319331e-08
-4.199999999999999e-01	-1.319210e-08
-4.100000000000001e-01	-1.319088e-08
-3.999999999999995e-01	-1.318965e-08
-3.899999999999997e-01	-1.318839e-08
-3.799999999999999e-01	-1.318711e-08
-3.700000000000001e-01	-1.318580e-08
-3.600000000000003e-01	-1.318446e-08
-3.499999999999996e-01	-1.318308e-08
-3.399999999999999e-01	-1.318164e-08
-3.300000000000001e-01	-1.318013e-08
-3.200000000000003e-01	-1.317854e-08
-3.099999999999996e-01	-1.317685e-08
-2.999999999999998e-01	-1.317504e-08
-2.900000000000000e-01	-1.317306e-08
-2.800000000000002e-01	-1.317089e-08
-2.699999999999996e-01	-1.316846e-08
-2.599999999999998e-01	-1.316571e-08
-2.500000000000000e-01	-1.316255e-08
-2.400000000000002e-01	-1.315886e-08
-2.299999999999995e-01	-1.315451e-08
-2.199999999999998e-01	-1.314928e-08
-2.100000000000000e-01	-1.314291e-08
-2.000000000000002e-01	-1.313506e-08
-1.899999999999995e-01	-1.312524e-08
-1.799999999999997e-01	-1.311281e-08
-1.699999999999999e-01	-1.309690e-08
-1.600000000000001e-01	-1.307628e-08
-1.499999999999995e-01	-1.304928e-08
-1.399999999999997e-01	-1.301355e-08
-1.299999999999999e-01	-1.296579e-08
-1.200000000000001e-01	-1.290136e-08
-1.100000000000003e-01	-1.281367e-08
-9.999999999999964e-02	-1.269333e-08
-8.999999999999986e-02	-1.252689e-08
-8.000000000000007e-02	-1.229506e-08
-7.000000000000028e-02	-1.197004e-08
-5.999999999999961e-02	-1.151163e-08
-4.999999999999982e-02	-1.086163e-08
-4.000000000000004e-02	-9.935521e-09
-3.000000000000025e-02	-8.610352e-09
-1.999999999999957e-02	-6.707005e-09
-9.999999999999787e-03	-3.964135e-09
0.000000000000000e+00	0.000000e+00
9.999999999999787e-03	5.743551e-09
2.000000000000046e-02	1.408322e-08
3.000000000000025e-02	2.621471e-08
4.000000000000004e-02	4.388927e-08
4.999999999999982e-02	6.967218e-08
6.000000000000050e-02	1.073206e-07
7.000000000000028e-02	1.623344e-07
8.000000000000007e-02	2.427573e-07
8.999999999999986e-02	3.603325e-07
1.000000000000005e-01	5.321613e-07
1.100000000000003e-01	7.830469e-07
1.200000000000001e-01	1.148752e-06
1.299999999999999e-01	1.680391e-06
1.399999999999997e-01	2.450100e-06
1.500000000000004e-01	3.557826e-06
1.600000000000001e-01	5.138490e-06
1.699999999999999e-01	7.367672e-06
1.799999999999997e-01	1.046261e-05
1.900000000000004e-01	1.467433e-05
2.000000000000002e-01	2.026769e-05
2.100000000000000e-01	2.749015e-05
2.199999999999998e-01	3.653676e-05
2.300000000000004e-01	4.752281e-05
2.400000000000002e-01	6.047373e-05
2.500000000000000e-01	7.533368e-05
2.599999999999998e-01	9.198677e-05
2.700000000000005e-01	1.102817e-04
2.800000000000002e-01	1.300532e-04
2.900000000000000e-01	1.511375e-04
2.999999999999998e-01	1.733807e-04
3.100000000000005e-01	1.966443e-04
3.200000000000003e-01	2.208055e-04
3.300000000000001e-01	2.457573e-04
3.399999999999999e-01	2.714073e-04
3.500000000000005e-01	2.976757e-04
3.600000000000003e-01	3.244938e-04
3.700000000000001e-01	3.518026e-04
3.799999999999999e-01	3.795511e-04
3.899999999999997e-01	4.076950e-04
4.000000000000004e-01	4.361963e-04
4.100000000000001e-01	4.650215e-04
4.199999999999999e-01	4.941415e-04
4.299999999999997e-01	5.235311e-04
4.400000000000004e-01	5.531675e-04
4.500000000000002e-01	5.830313e-04
4.600000000000000e-01	6.131049e-04
4.699999999999998e-01	6.433728e-04
4.800000000000004e-01	6.738213e-04
4.900000000000002e-01	7.044380e-04
5.000000000000000e-01	7.352120e-04
5.099999999999998e-01	7.661336e-04
5.200000000000005e-01	7.971940e-04
5.300000000000002e-01	8.283852e-04
5.400000000000000e-01	8.597003e-04
5.499999999999998e-01	8.911328e-04
5.600000000000005e-01	9.226772e-04
5.700000000000003e-01	9.543283e-04
5.800000000000001e-01	9.860817e-04
5.899999999999999e-01	1.017933e-03
6.000000000000005e-01	1.049879e-03
6.100000000000003e-01	1.081916e-03
6.200000000000001e-01	1.114042e-03
6.299999999999999e-01	1.146253e-03
6.399999999999997e-01	1.178549e-03
6.500000000000004e-01	1.210926e-03
6.600000000000001e-01	1.243384e-03
6.699999999999999e-01	1.275921e-03
6.799999999999997e-01	1.308537e-03
6.900000000000004e-01	1.341230e-03
7.000000000000002e-01	1.374000e-03
7.100000000000000e-01	1.406847e-03
7.199999999999998e-01	1.439771e-03
7.300000000000004e-01	1.472772e-03
7.400000000000002e-01	1.505850e-03
7.500000000000000e-01	1.539006e-03
7.599999999999998e-01	1.572242e-03
7.700000000000005e-01	1.605557e-03
7.800000000000002e-01	1.638954e-03
7.900000000000000e-01	1.672433e-03
7.999999999999998e-01	1.705997e-03
8.100000000000005e-01	1.739647e-03
8.200000000000003e-01	1.773386e-03
8.300000000000001e-01	1.807215e-03
8.399999999999999e-01	1.841137e-03
8.500000000000005e-01	1.875155e-03
8.600000000000003e-01	1.909270e-03
8.700000000000001e-01	1.943487e-03
8.799999999999999e-01	1.977807e-03
8.899999999999997e-01	2.012235e-03
9.000000000000004e-01	2.046773e-03
9.100000000000001e-01	2.081424e-03
9.199999999999999e-01	2.116193e-03
9.299999999999997e-01	2.151082e-03
9.400000000000004e-01	2.186096e-03
9.500000000000002e-01	2.221237e-03
9.600000000000000e-01	2.256509e-03
9.699999999999998e-01	2.291916e-03
9.800000000000004e-01	2.327462e-03
9.900000000000002e-01	2.363150e-03
1.000000000000000e+00	2.398983e-03
1.010000000000000e+00	2.434965e-03
1.020000000000000e+00	2.471100e-03
1.030000000000000e+00	2.507390e-03
1.040000000000000e+00	2.543838e-03
1.050000000000000e+00	2.580448e-03
1.060000000000000e+00	2.617222e-03
1.070000000000000e+00	2.654163e-03
1.080000000000000e+00	2.691272e-03
1.090000000000000e+00	2.728553e-03
1.100000000000001e+00	2.766006e-03
1.110000000000000e+00	2.803633e-03
1.120000000000000e+00	2.841437e-03
1.130000000000000e+00	2.879417e-03
1.140000000000001e+00	2.917574e-03
1.150000000000000e+00	2.955911e-03
1.160000000000000e+00	2.994425e-03
1.170000000000000e+00	3.033118e-03
1.180000000000000e+00	3.071990e-03
1.190000000000000e+00	3.111040e-03
1.200000000000000e+00	3.150266e-03
1.210000000000000e+00	3.189670e-03
1.220000000000000e+00	3.229249e-03
1.230000000000000e+00	3.269001e-03
1.240000000000000e+00	3.308927e-03
1.250000000000000e+00	3.349023e-03
1.260000000000000e+00	3.389288e-03
1.270000000000000e+00	3.429721e-03
1.280000000000000e+00	3.470318e-03
1.290000000000000e+00	3.511078e-03
1.300000000000000e+00	3.551999e-03
1.310000000000000e+00	3.593078e-03
1.320000000000000e+00	3.634312e-03
1.330000000000000e+00	3.675699e-03
1.340000000000000e+00	3.717237e-03
1.350000000000001e+00	3.758922e-03
1.360000000000000e+00	3.800752e-03
1.370000000000000e+00	3.842724e-03
1.380000000000000e+00	3.884835e-03
1.390000000000001e+00	3.927083e-03
1.400000000000000e+00	3.969465e-03
1.410000000000000e+00	4.011977e-03
1.420000000000000e+00	4.054619e-03
1.430000000000000e+00	4.097385e-03
1.440000000000000e+00	4.140274e-03
1.450000000000000e+00	4.183283e-03
1.460000000000000e+00	4.226410e-03
1.470000000000000e+00	4.269651e-03
1.480000000000000e+00	4.313005e-03
1.490000000000000e+00	4.356468e-03
1.500000000000000e+00	4.400038e-03
1.510000000000000e+00	4.443713e-03
1.520000000000000e+00	4.487489e-03
1.530000000000000e+00	4.531366e-03
1.540000000000000e+00	4.575340e-03
1.550000000000000e+00	4.619409e-03
1.560000000000000e+00	4.663571e-03
1.570000000000000e+00	4.707824e-03
1.580000000000000e+00	4.752166e-03
1.590000000000000e+00	4.796593e-03
1.600000000000001e+00	4.841106e-03
1.610000000000000e+00	4.885701e-03
1.620000000000000e+00	4.930377e-03
1.630000000000000e+00	4.975131e-03
1.640000000000001e+00	5.019962e-03
1.650000000000000e+00	5.064868e-03
1.660000000000000e+00	5.109848e-03
1.670000000000000e+00	5.154898e-03
1.680000000000000e+00	5.200020e-03
1.690000000000000e+00	5.245209e-03
1.700000000000000e+00	5.290465e-03
1.710000000000000e+00	5.335786e-03
1.720000000000000e+00	5.381172e-03
1.730000000000000e+00	5.426619e-03
1.740000000000000e+00	5.472127e-03
1.750000000000000e+00	5.517695e-03
1.760000000000000e+00	5.563322e-03
1.770000000000000e+00	5.609004e-03
1.780000000000000e+00	5.654743e-03
1.790000000000000e+00	5.700536e-03
1.800000000000000e+00	5.746383e-03
1.810000000000000e+00	5.792281e-03
1.820000000000000e+00	5.838230e-03
1.830000000000000e+00	5.884230e-03
1.840000000000000e+00	5.930278e-03
1.850000000000001e+00	5.976373e-03
1.860000000000000e+00	6.022516e-03
1.870000000000000e+00	6.068704e-03
1.880000000000000e+00	6.114937e-03
1.890000000000001e+00	6.161214e-03
1.900000000000000e+00	6.207535e-03
1.910000000000000e+00	6.253896e-03
1.920000000000000e+00	6.300300e-03
1.930000000000000e+00	6.346744e-03
1.940000000000000e+00	6.393227e-03
1.950000000000000e+00	6.439749e-03
1.960000000000000e+00	6.486309e-03
1.970000000000000e+00	6.532906e-03
1.980000000000000e+00	6.579540e-03
1.990000000000000e+00	6.626210e-03
2.000000000000000e+00	6.672914e-03
2.010000000000000e+00	6.719653e-03
2.020000000000000e+00	6.766426e-03
2.030000000000000e+00	6.813233e-03
2.040000000000000e+00	6.860071e-03
2.050000000000000e+00	6.906942e-03
2.060000000000000e+00	6.953844e-03
2.070000000000000e+00	7.000777e-03
2.080000000000000e+00	7.047740e-03
2.090000000000000e+00	7.094732e-03
2.100000000000001e+00	7.141754e-03
2.110000000000000e+00	7.188804e-03
2.120000000000000e+00	7.235882e-03
2.130000000000000e+00	7.282988e-03
2.140000000000001e+00	7.330121e-03
2.150000000000000e+00	7.377280e-03
2.160000000000000e+00	7.424466e-03
2.170000000000000e+00	7.471677e-03
2.180000000000000e+00	7.518914e-03
2.190000000000000e+00	7.566175e-03
2.200000000000000e+00	7.613461e-03
2.210000000000000e+00	7.660770e-03
2.220000000000000e+00	7.708104e-03
2.230000000000000e+00	7.755460e-03
2.240000000000000e+00	7.802839e-03
2.250000000000000e+00	7.850241e-03
2.260000000000000e+00	7.897665e-03
2.270000000000000e+00	7.945110e-03
2.280000000000000e+00	7.992577e-03
2.290000000000000e+00	8.040064e-03
2.300000000000000e+00	8.087573e-03
2.310000000000000e+00	8.135102e-03
2.320000000000000e+00	8.182650e-03
2.330000000000000e+00	8.230219e-03
2.340000000000000e+00	8.277806e-03
2.350000000000001e+00	8.325413e-03
2.360000000000000e+00	8.373039e-03
2.370000000000000e+00	8.420683e-03
2.380000000000000e+00	8.468346e-03
2.390000000000001e+00	8.516026e-03
2.400000000000000e+00	8.563724e-03
2.410000000000000e+00	8.611440e-03
2.420000000000000e+00	8.659173e-03
2.430000000000000e+00	8.706923e-03
2.440000000000000e+00	8.754688e-03
2.450000000000000e+00	8.802472e-03
2.460000000000000e+00	8.850270e-03
2.470000000000000e+00	8.898085e-03
2.480000000000000e+00	8.945916e-03
2.490000000000000e+00	8.993762e-03
2.500000000000000e+00	9.041623e-03
2.510000000000000e+00	9.089500e-03
2.520000000000000e+00	9.137391e-03
2.530000000000000e+00	9.185297e-03
2.540000000000000e+00	9.233218e-03
2.550000000000000e+00	9.281153e-03
2.560000000000000e+00	9.329101e-03
2.570000000000000e+00	9.377064e-03
2.580000000000000e+00	9.425040e-03
2.590000000000000e+00	9.473030e-03
2.600000000000001e+00	9.521034e-03
2.610000000000000e+00	9.569050e-03
2.620000000000000e+00	9.617079e-03
2.630000000000000e+00	9.665121e-03
2.640000000000001e+00	9.713176e-03
2.650000000000000e+00	9.761243e-03
2.660000000000000e+00	9.809323e-03
2.670000000000000e+00	9.857414e-03
2.680000000000000e+00	9.905518e-03
2.690000000000000e+00	9.953634e-03
2.700000000000000e+00	1.000176e-02
2.710000000000000e+00	1.004990e-02
2.720000000000000e+00	1.009805e-02
2.730000000000000e+00	1.014621e-02
2.740000000000000e+00	1.019438e-02
2.750000000000000e+00	1.024257e-02
2.760000000000000e+00	1.029076e-02
2.770000000000000e+00	1.033897e-02
2.780000000000000e+00	1.038718e-02
2.790000000000000e+00	1.043541e-02
2.800000000000000e+00	1.048365e-02
2.810000000000000e+00	1.053189e-02
2.820000000000000e+00	1.058015e-02
2.830000000000000e+00	1.062842e-02
2.840000000000000e+00	1.067669e-02
2.850000000000001e+00	1.072498e-02
2.860000000000000e+00	1.077328e-02
2.870000000000000e+00	1.082158e-02
2.880000000000000e+00	1.086990e-02
2.890000000000001e+00	1.091822e-02
2.900000000000000e+00	1.096655e-02
2.910000000000000e+00	1.101490e-02
2.920000000000000e+00	1.106325e-02
2.930000000000001e+00	1.111161e-02
2.940000000000000e+00	1.115998e-02
2.950000000000000e+00	1.120836e-02
2.960000000000000e+00	1.125674e-02
2.970000000000000e+00	1.130514e-02
2.980000000000000e+00	1.135354e-02
2.990000000000000e+00	1.140195e-02
3.000000000000000e+00	1.145037e-02
3.010000000000000e+00	1.149880e-02
3.020000000000000e+00	1.154724e-02
3.029999999999999e+00	1.159568e-02
3.040000000000001e+00	1.164413e-02
3.050000000000001e+00	1.169259e-02
3.060000000000000e+00	1.174106e-02
3.070000000000000e+00	1.178954e-02
3.080000000000000e+00	1.183802e-02
3.090000000000000e+00	1.188651e-02
3.100000000000000e+00	1.193501e-02
3.109999999999999e+00	1.198351e-02
3.120000000000001e+00	1.203203e-02
3.130000000000001e+00	1.208054e-02
3.140000000000001e+00	1.212907e-02
3.150000000000000e+00	1.217761e-02
3.160000000000000e+00	1.222615e-02
3.170000000000000e+00	1.227469e-02
3.180000000000000e+00	1.232325e-02
3.190000000000000e+00	1.237181e-02
3.199999999999999e+00	1.242038e-02
3.210000000000001e+00	1.246895e-02
3.220000000000001e+00	1.251753e-02
3.230000000000000e+00	1.256612e-02
3.240000000000000e+00	1.261471e-02
3.250000000000000e+00	1.266331e-02
3.260000000000000e+00	1.271192e-02
3.270000000000000e+00	1.276053e-02
3.279999999999999e+00	1.280915e-02
3.290000000000001e+00	1.285778e-02
3.300000000000001e+00	1.290641e-02
3.310000000000000e+00	1.295505e-02
3.320000000000000e+00	1.300369e-02
3.330000000000000e+00	1.305234e-02
3.340000000000000e+00	1.310099e-02
3.350000000000000e+00	1.314966e-02
3.359999999999999e+00	1.319832e-02
3.370000000000001e+00	1.324699e-02
3.380000000000001e+00	1.329567e-02
3.390000000000001e+00	1.334435e-02
3.400000000000000e+00	1.339304e-02
3.410000000000000e+00	1.344174e-02
3.420000000000000e+00	1.349044e-02
3.430000000000000e+00	1.353914e-02
3.440000000000000e+00	1.358785e-02
3.449999999999999e+00	1.363657e-02
3.460000000000001e+00	1.368529e-02
3.470000000000001e+00	1.373402e-02
3.480000000000000e+00	1.378275e-02
3.490000000000000e+00	1.383149e-02
3.500000000000000e+00	1.388023e-02
3.510000000000000e+00	1.392898e-02
3.520000000000000e+00	1.397773e-02
3.529999999999999e+00	1.402648e-02
3.540000000000001e+00	1.407525e-02
3.550000000000001e+00	1.412401e-02
3.560000000000000e+00	1.417278e-02
3.570000000000000e+00	1.422156e-02
3.580000000000000e+00	1.427034e-02
3.590000000000000e+00	1.431913e-02
3.600000000000000e+00	1.436792e-02
3.609999999999999e+00	1.441671e-02
3.620000000000001e+00	1.446551e-02
3.630000000000001e+00	1.451431e-02
3.640000000000001e+00	1.456312e-02
3.650000000000000e+00	1.461194e-02
3.660000000000000e+00	1.466075e-02
3.670000000000000e+00	1.470958e-02
3.680000000000000e+00	1.475840e-02
3.690000000000000e+00	1.480723e-02
3.700000000000001e+00	1.485607e-02
3.710000000000001e+00	1.490491e-02
3.720000000000001e+00	1.495375e-02
3.730000000000000e+00	1.500260e-02
3.740000000000000e+00	1.505145e-02
3.750000000000000e+00	1.510030e-02
3.760000000000000e+00	1.514916e-02
3.770000000000000e+00	1.519803e-02
3.779999999999999e+00	1.524689e-02
3.790000000000001e+00	1.529577e-02
3.800000000000001e+00	1.534464e-02
3.810000000000000e+00	1.539352e-02
3.820000000000000e+00	1.544240e-02
3.830000000000000e+00	1.549129e-02
3.840000000000000e+00	1.554018e-02
3.850000000000000e+00	1.558908e-02
3.859999999999999e+00	1.563798e-02
3.870000000000001e+00	1.568688e-02
3.880000000000001e+00	1.573579e-02
3.890000000000001e+00	1.578470e-02
3.900000000000000e+00	1.583361e-02
3.910000000000000e+00	1.588253e-02
3.920000000000000e+00	1.593145e-02
3.930000000000000e+00	1.598037e-02
3.940000000000000e+00	1.602930e-02
3.950000000000001e+00	1.607823e-02
3.960000000000001e+00	1.612717e-02
3.970000000000001e+00	1.617611e-02
3.980000000000000e+00	1.622505e-02
3.990000000000000e+00	1.627399e-02
4.000000000000000e+00	1.632294e-02
4.010000000000000e+00	1.637189e-02
4.020000000000000e+00	1.642085e-02
4.029999999999999e+00	1.646981e-02
4.040000000000001e+00	1.651877e-02
4.050000000000001e+00	1.656774e-02
4.060000000000000e+00	1.661671e-02
4.070000000000000e+00	1.666568e-02
4.080000000000000e+00	1.671465e-02
4.090000000000000e+00	1.676363e-02
4.100000000000000e+00	1.681261e-02
4.109999999999999e+00	1.686160e-02
4.120000000000001e+00	1.691059e-02
4.130000000000001e+00	1.695958e-02
4.140000000000001e+00	1.700857e-02
4.150000000000000e+00	1.705757e-02
4.160000000000000e+00	1.710657e-02
4.170000000000000e+00	1.715557e-02
4.180000000000000e+00	1.720458e-02
4.190000000000000e+00	1.725359e-02
4.200000000000001e+00	1.730260e-02
4.210000000000001e+00	1.735162e-02
4.220000000000001e+00	1.740063e-02
4.230000000000000e+00	1.744965e-02
4.240000000000000e+00	1.749868e-02
4.250000000000000e+00	1.754771e-02
4.260000000000000e+00	1.759674e-02
4.270000000000000e+00	1.764577e-02
4.279999999999999e+00	1.769480e-02
4.290000000000001e+00	1.774384e-02
4.300000000000001e+00	1.779288e-02
4.310000000000000e+00	1.784193e-02
4.320000000000000e+00	1.789097e-02
4.330000000000000e+00	1.794002e-02
4.340000000000000e+00	1.798907e-02
4.350000000000000e+00	1.803813e-02
4.359999999999999e+00	1.808719e-02
4.370000000000001e+00	1.813624e-02
4.380000000000001e+00	1.818531e-02
4.390000000000001e+00	1.823437e-02
4.400000000000000e+00	1.828344e-02
4.410000000000000e+00	1.833251e-02
4.420000000000000e+00	1.838158e-02
4.430000000000000e+00	1.843066e-02
4.440000000000000e+00	1.847974e-02
4.450000000000001e+00	1.852882e-02
4.460000000000001e+00	1.857790e-02
4.470000000000001e+00	1.862698e-02
4.480000000000000e+00	1.867607e-02
4.490000000000000e+00	1.872516e-02
4.500000000000000e+00	1.877426e-02
4.510000000000000e+00	1.882335e-02
4.520000000000000e+00	1.887245e-02
4.529999999999999e+00	1.892155e-02
4.540000000000001e+00	1.897065e-02
4.550000000000001e+00	1.901975e-02
4.560000000000000e+00	1.906886e-02
4.570000000000000e+00	1.911797e-02
4.580000000000000e+00	1.916708e-02
4.590000000000000e+00	1.921620e-02
4.600000000000000e+00	1.926531e-02
4.609999999999999e+00	1.931443e-02
4.620000000000001e+00	1.936355e-02
4.630000000000001e+00	1.941268e-02
4.640000000000001e+00	1.946180e-02
4.650000000000000e+00	1.951093e-02
4.660000000000000e+00	1.956006e-02
4.670000000000000e+00	1.960919e-02
4.680000000000000e+00	1.965833e-02
4.690000000000000e+00	1.970746e-02
4.700000000000001e+00	1.975660e-02
4.710000000000001e+00	1.980574e-02
4.720000000000001e+00	1.985488e-02
4.730000000000000e+00	1.990403e-02
4.740000000000000e+00	1.995318e-02
4.750000000000000e+00	2.000233e-02
4.760000000000000e+00	2.005148e-02
4.770000000000000e+00	2.010063e-02
4.779999999999999e+00	2.014979e-02
4.790000000000001e+00	2.019894e-02
4.800000000000001e+00	2.024810e-02
4.810000000000000e+00	2.029726e-02
4.820000000000000e+00	2.034643e-02
4.830000000000000e+00	2.039559e-02
4.840000000000000e+00	2.044476e-02
4.850000000000000e+00	2.049393e-02
4.859999999999999e+00	2.054310e-02
4.870000000000001e+00	2.059227e-02
4.880000000000001e+00	2.064145e-02
4.890000000000001e+00	2.069063e-02
4.900000000000000e+00	2.073981e-02
4.910000000000000e+00	2.078899e-02
4.920000000000000e+00	2.083817e-02
4.930000000000000e+00	2.088736e-02
4.940000000000000e+00	2.093654e-02
4.950000000000001e+00	2.098573e-02
4.960000000000001e+00	2.103492e-02
4.970000000000001e+00	2.108411e-02
4.980000000000000e+00	2.113331e-02
4.990000000000000e+00	2.118251e-02
5.000000000000000e+00	2.123171e-02
