V1	V(N002,N003)	I(D1)
-5.000000000000000e+00	-5.000000e+00	-2.525000e-09
-4.990000000000000e+00	-4.989999e+00	-2.524990e-09
-4.980000000000000e+00	-4.980000e+00	-2.524980e-09
-4.970000000000000e+00	-4.969999e+00	-2.524970e-09
-4.960000000000000e+00	-4.960000e+00	-2.524960e-09
-4.950000000000000e+00	-4.949999e+00	-2.524950e-09
-4.940000000000000e+00	-4.940000e+00	-2.524940e-09
-4.930000000000000e+00	-4.929999e+00	-2.524930e-09
-4.920000000000000e+00	-4.920000e+00	-2.524920e-09
-4.910000000000000e+00	-4.909999e+00	-2.524910e-09
-4.900000000000000e+00	-4.900000e+00	-2.524900e-09
-4.890000000000000e+00	-4.889999e+00	-2.524890e-09
-4.880000000000000e+00	-4.880000e+00	-2.524880e-09
-4.870000000000000e+00	-4.869999e+00	-2.524870e-09
-4.860000000000000e+00	-4.860000e+00	-2.524860e-09
-4.850000000000000e+00	-4.849999e+00	-2.524850e-09
-4.840000000000000e+00	-4.840000e+00	-2.524840e-09
-4.830000000000000e+00	-4.829999e+00	-2.524830e-09
-4.820000000000000e+00	-4.820000e+00	-2.524820e-09
-4.810000000000000e+00	-4.809999e+00	-2.524810e-09
-4.800000000000000e+00	-4.800000e+00	-2.524800e-09
-4.790000000000000e+00	-4.789999e+00	-2.524790e-09
-4.780000000000000e+00	-4.780000e+00	-2.524780e-09
-4.770000000000000e+00	-4.770000e+00	-2.524770e-09
-4.760000000000000e+00	-4.759999e+00	-2.524760e-09
-4.750000000000000e+00	-4.750000e+00	-2.524750e-09
-4.740000000000000e+00	-4.739999e+00	-2.524740e-09
-4.730000000000000e+00	-4.730000e+00	-2.524730e-09
-4.720000000000000e+00	-4.719999e+00	-2.524720e-09
-4.710000000000000e+00	-4.710000e+00	-2.524710e-09
-4.700000000000000e+00	-4.699999e+00	-2.524700e-09
-4.690000000000000e+00	-4.690000e+00	-2.524690e-09
-4.680000000000000e+00	-4.679999e+00	-2.524680e-09
-4.670000000000000e+00	-4.670000e+00	-2.524670e-09
-4.660000000000000e+00	-4.659999e+00	-2.524660e-09
-4.650000000000000e+00	-4.650000e+00	-2.524650e-09
-4.640000000000000e+00	-4.639999e+00	-2.524640e-09
-4.630000000000000e+00	-4.630000e+00	-2.524630e-09
-4.620000000000000e+00	-4.619999e+00	-2.524620e-09
-4.610000000000000e+00	-4.610000e+00	-2.524610e-09
-4.600000000000000e+00	-4.599999e+00	-2.524600e-09
-4.590000000000000e+00	-4.590000e+00	-2.524590e-09
-4.580000000000000e+00	-4.579999e+00	-2.524580e-09
-4.570000000000000e+00	-4.570000e+00	-2.524570e-09
-4.560000000000000e+00	-4.559999e+00	-2.524560e-09
-4.550000000000000e+00	-4.550000e+00	-2.524550e-09
-4.540000000000000e+00	-4.539999e+00	-2.524540e-09
-4.530000000000000e+00	-4.530000e+00	-2.524530e-09
-4.520000000000000e+00	-4.520000e+00	-2.524520e-09
-4.510000000000000e+00	-4.509999e+00	-2.524510e-09
-4.500000000000000e+00	-4.500000e+00	-2.524500e-09
-4.490000000000000e+00	-4.489999e+00	-2.524490e-09
-4.480000000000000e+00	-4.480000e+00	-2.524480e-09
-4.470000000000000e+00	-4.469999e+00	-2.524470e-09
-4.460000000000000e+00	-4.460000e+00	-2.524460e-09
-4.450000000000000e+00	-4.449999e+00	-2.524450e-09
-4.440000000000000e+00	-4.440000e+00	-2.524440e-09
-4.430000000000000e+00	-4.429999e+00	-2.524430e-09
-4.420000000000000e+00	-4.420000e+00	-2.524420e-09
-4.410000000000000e+00	-4.409999e+00	-2.524410e-09
-4.400000000000000e+00	-4.400000e+00	-2.524400e-09
-4.390000000000000e+00	-4.389999e+00	-2.524390e-09
-4.380000000000000e+00	-4.380000e+00	-2.524380e-09
-4.370000000000000e+00	-4.369999e+00	-2.524370e-09
-4.360000000000000e+00	-4.360000e+00	-2.524360e-09
-4.350000000000000e+00	-4.349999e+00	-2.524350e-09
-4.340000000000000e+00	-4.340000e+00	-2.524340e-09
-4.330000000000000e+00	-4.329999e+00	-2.524330e-09
-4.320000000000000e+00	-4.320000e+00	-2.524320e-09
-4.310000000000000e+00	-4.309999e+00	-2.524310e-09
-4.300000000000000e+00	-4.300000e+00	-2.524300e-09
-4.290000000000000e+00	-4.289999e+00	-2.524290e-09
-4.280000000000000e+00	-4.280000e+00	-2.524280e-09
-4.270000000000000e+00	-4.270000e+00	-2.524270e-09
-4.260000000000000e+00	-4.259999e+00	-2.524260e-09
-4.250000000000000e+00	-4.250000e+00	-2.524250e-09
-4.240000000000000e+00	-4.239999e+00	-2.524240e-09
-4.230000000000000e+00	-4.230000e+00	-2.524230e-09
-4.220000000000000e+00	-4.219999e+00	-2.524220e-09
-4.210000000000000e+00	-4.210000e+00	-2.524210e-09
-4.200000000000000e+00	-4.199999e+00	-2.524200e-09
-4.190000000000000e+00	-4.190000e+00	-2.524190e-09
-4.180000000000000e+00	-4.179999e+00	-2.524180e-09
-4.170000000000000e+00	-4.170000e+00	-2.524170e-09
-4.160000000000000e+00	-4.159999e+00	-2.524160e-09
-4.150000000000000e+00	-4.150000e+00	-2.524150e-09
-4.140000000000000e+00	-4.139999e+00	-2.524140e-09
-4.130000000000000e+00	-4.130000e+00	-2.524130e-09
-4.120000000000000e+00	-4.119999e+00	-2.524120e-09
-4.110000000000000e+00	-4.110000e+00	-2.524110e-09
-4.100000000000000e+00	-4.099999e+00	-2.524100e-09
-4.090000000000000e+00	-4.090000e+00	-2.524090e-09
-4.080000000000000e+00	-4.079999e+00	-2.524080e-09
-4.070000000000000e+00	-4.070000e+00	-2.524070e-09
-4.060000000000000e+00	-4.059999e+00	-2.524060e-09
-4.050000000000000e+00	-4.050000e+00	-2.524050e-09
-4.040000000000000e+00	-4.039999e+00	-2.524040e-09
-4.030000000000000e+00	-4.030000e+00	-2.524030e-09
-4.020000000000000e+00	-4.020000e+00	-2.524020e-09
-4.010000000000000e+00	-4.009999e+00	-2.524010e-09
-4.000000000000000e+00	-4.000000e+00	-2.524000e-09
-3.990000000000000e+00	-3.990000e+00	-2.523990e-09
-3.980000000000000e+00	-3.980000e+00	-2.523980e-09
-3.970000000000000e+00	-3.970000e+00	-2.523970e-09
-3.960000000000000e+00	-3.960000e+00	-2.523960e-09
-3.950000000000000e+00	-3.950000e+00	-2.523950e-09
-3.940000000000000e+00	-3.940000e+00	-2.523940e-09
-3.930000000000000e+00	-3.930000e+00	-2.523930e-09
-3.920000000000000e+00	-3.920000e+00	-2.523920e-09
-3.910000000000000e+00	-3.910000e+00	-2.523910e-09
-3.900000000000000e+00	-3.899999e+00	-2.523900e-09
-3.890000000000000e+00	-3.889999e+00	-2.523890e-09
-3.880000000000000e+00	-3.879999e+00	-2.523880e-09
-3.870000000000000e+00	-3.869999e+00	-2.523870e-09
-3.860000000000000e+00	-3.859999e+00	-2.523860e-09
-3.850000000000000e+00	-3.849999e+00	-2.523850e-09
-3.840000000000000e+00	-3.839999e+00	-2.523840e-09
-3.830000000000000e+00	-3.829999e+00	-2.523830e-09
-3.820000000000000e+00	-3.819999e+00	-2.523820e-09
-3.810000000000000e+00	-3.809999e+00	-2.523810e-09
-3.800000000000000e+00	-3.799999e+00	-2.523800e-09
-3.790000000000000e+00	-3.789999e+00	-2.523790e-09
-3.780000000000000e+00	-3.779999e+00	-2.523780e-09
-3.770000000000000e+00	-3.770000e+00	-2.523770e-09
-3.760000000000000e+00	-3.760000e+00	-2.523760e-09
-3.750000000000000e+00	-3.750000e+00	-2.523750e-09
-3.740000000000000e+00	-3.740000e+00	-2.523740e-09
-3.730000000000000e+00	-3.730000e+00	-2.523730e-09
-3.720000000000000e+00	-3.720000e+00	-2.523720e-09
-3.710000000000000e+00	-3.710000e+00	-2.523710e-09
-3.700000000000000e+00	-3.700000e+00	-2.523700e-09
-3.690000000000000e+00	-3.690000e+00	-2.523690e-09
-3.680000000000000e+00	-3.680000e+00	-2.523680e-09
-3.670000000000000e+00	-3.670000e+00	-2.523670e-09
-3.660000000000000e+00	-3.660000e+00	-2.523660e-09
-3.650000000000000e+00	-3.649999e+00	-2.523650e-09
-3.640000000000000e+00	-3.639999e+00	-2.523640e-09
-3.630000000000000e+00	-3.629999e+00	-2.523630e-09
-3.620000000000000e+00	-3.619999e+00	-2.523620e-09
-3.610000000000000e+00	-3.609999e+00	-2.523610e-09
-3.600000000000000e+00	-3.599999e+00	-2.523600e-09
-3.590000000000000e+00	-3.589999e+00	-2.523590e-09
-3.580000000000000e+00	-3.579999e+00	-2.523580e-09
-3.570000000000000e+00	-3.569999e+00	-2.523570e-09
-3.560000000000000e+00	-3.559999e+00	-2.523560e-09
-3.550000000000000e+00	-3.549999e+00	-2.523550e-09
-3.540000000000000e+00	-3.539999e+00	-2.523540e-09
-3.530000000000000e+00	-3.529999e+00	-2.523530e-09
-3.520000000000000e+00	-3.520000e+00	-2.523520e-09
-3.510000000000000e+00	-3.510000e+00	-2.523510e-09
-3.500000000000000e+00	-3.500000e+00	-2.523500e-09
-3.490000000000000e+00	-3.490000e+00	-2.523490e-09
-3.480000000000000e+00	-3.480000e+00	-2.523480e-09
-3.470000000000000e+00	-3.470000e+00	-2.523470e-09
-3.460000000000000e+00	-3.460000e+00	-2.523460e-09
-3.450000000000000e+00	-3.450000e+00	-2.523450e-09
-3.440000000000000e+00	-3.440000e+00	-2.523440e-09
-3.430000000000000e+00	-3.430000e+00	-2.523430e-09
-3.420000000000000e+00	-3.420000e+00	-2.523420e-09
-3.410000000000000e+00	-3.410000e+00	-2.523410e-09
-3.400000000000000e+00	-3.399999e+00	-2.523400e-09
-3.390000000000000e+00	-3.389999e+00	-2.523390e-09
-3.380000000000000e+00	-3.379999e+00	-2.523380e-09
-3.370000000000000e+00	-3.369999e+00	-2.523370e-09
-3.360000000000000e+00	-3.359999e+00	-2.523360e-09
-3.350000000000000e+00	-3.349999e+00	-2.523350e-09
-3.340000000000000e+00	-3.339999e+00	-2.523340e-09
-3.330000000000000e+00	-3.329999e+00	-2.523330e-09
-3.320000000000000e+00	-3.319999e+00	-2.523320e-09
-3.310000000000000e+00	-3.309999e+00	-2.523310e-09
-3.300000000000000e+00	-3.299999e+00	-2.523300e-09
-3.290000000000000e+00	-3.289999e+00	-2.523290e-09
-3.280000000000000e+00	-3.279999e+00	-2.523280e-09
-3.270000000000000e+00	-3.270000e+00	-2.523270e-09
-3.260000000000000e+00	-3.260000e+00	-2.523260e-09
-3.250000000000000e+00	-3.250000e+00	-2.523250e-09
-3.240000000000000e+00	-3.240000e+00	-2.523240e-09
-3.230000000000000e+00	-3.230000e+00	-2.523230e-09
-3.220000000000000e+00	-3.220000e+00	-2.523220e-09
-3.210000000000000e+00	-3.210000e+00	-2.523210e-09
-3.200000000000000e+00	-3.200000e+00	-2.523200e-09
-3.190000000000000e+00	-3.190000e+00	-2.523190e-09
-3.180000000000000e+00	-3.180000e+00	-2.523180e-09
-3.170000000000000e+00	-3.170000e+00	-2.523170e-09
-3.160000000000000e+00	-3.160000e+00	-2.523160e-09
-3.150000000000000e+00	-3.149999e+00	-2.523150e-09
-3.140000000000000e+00	-3.139999e+00	-2.523140e-09
-3.130000000000000e+00	-3.129999e+00	-2.523130e-09
-3.120000000000000e+00	-3.119999e+00	-2.523120e-09
-3.110000000000000e+00	-3.109999e+00	-2.523110e-09
-3.100000000000000e+00	-3.099999e+00	-2.523100e-09
-3.090000000000000e+00	-3.089999e+00	-2.523090e-09
-3.080000000000000e+00	-3.079999e+00	-2.523080e-09
-3.070000000000000e+00	-3.069999e+00	-2.523070e-09
-3.060000000000000e+00	-3.059999e+00	-2.523060e-09
-3.050000000000000e+00	-3.049999e+00	-2.523050e-09
-3.040000000000000e+00	-3.039999e+00	-2.523040e-09
-3.030000000000000e+00	-3.029999e+00	-2.523030e-09
-3.020000000000000e+00	-3.020000e+00	-2.523020e-09
-3.010000000000000e+00	-3.010000e+00	-2.523010e-09
-3.000000000000000e+00	-3.000000e+00	-2.523000e-09
-2.990000000000000e+00	-2.990000e+00	-2.522990e-09
-2.980000000000000e+00	-2.980000e+00	-2.522980e-09
-2.970000000000000e+00	-2.970000e+00	-2.522970e-09
-2.960000000000000e+00	-2.960000e+00	-2.522960e-09
-2.950000000000000e+00	-2.950000e+00	-2.522950e-09
-2.940000000000000e+00	-2.940000e+00	-2.522940e-09
-2.930000000000000e+00	-2.930000e+00	-2.522930e-09
-2.920000000000000e+00	-2.920000e+00	-2.522920e-09
-2.910000000000000e+00	-2.910000e+00	-2.522910e-09
-2.900000000000000e+00	-2.899999e+00	-2.522900e-09
-2.890000000000000e+00	-2.889999e+00	-2.522890e-09
-2.880000000000000e+00	-2.879999e+00	-2.522880e-09
-2.870000000000000e+00	-2.869999e+00	-2.522870e-09
-2.860000000000000e+00	-2.859999e+00	-2.522860e-09
-2.850000000000000e+00	-2.849999e+00	-2.522850e-09
-2.840000000000000e+00	-2.839999e+00	-2.522840e-09
-2.830000000000000e+00	-2.829999e+00	-2.522830e-09
-2.820000000000000e+00	-2.819999e+00	-2.522820e-09
-2.810000000000000e+00	-2.809999e+00	-2.522810e-09
-2.800000000000000e+00	-2.799999e+00	-2.522800e-09
-2.790000000000000e+00	-2.789999e+00	-2.522790e-09
-2.780000000000000e+00	-2.779999e+00	-2.522780e-09
-2.770000000000000e+00	-2.770000e+00	-2.522770e-09
-2.760000000000000e+00	-2.760000e+00	-2.522760e-09
-2.750000000000000e+00	-2.750000e+00	-2.522750e-09
-2.740000000000000e+00	-2.740000e+00	-2.522740e-09
-2.730000000000000e+00	-2.730000e+00	-2.522730e-09
-2.720000000000000e+00	-2.720000e+00	-2.522720e-09
-2.710000000000000e+00	-2.710000e+00	-2.522710e-09
-2.700000000000000e+00	-2.700000e+00	-2.522700e-09
-2.690000000000000e+00	-2.690000e+00	-2.522690e-09
-2.680000000000000e+00	-2.680000e+00	-2.522680e-09
-2.670000000000000e+00	-2.670000e+00	-2.522670e-09
-2.660000000000000e+00	-2.660000e+00	-2.522660e-09
-2.650000000000000e+00	-2.649999e+00	-2.522650e-09
-2.640000000000000e+00	-2.639999e+00	-2.522640e-09
-2.630000000000000e+00	-2.629999e+00	-2.522630e-09
-2.620000000000000e+00	-2.619999e+00	-2.522620e-09
-2.610000000000000e+00	-2.609999e+00	-2.522610e-09
-2.600000000000000e+00	-2.599999e+00	-2.522600e-09
-2.590000000000000e+00	-2.589999e+00	-2.522590e-09
-2.580000000000000e+00	-2.579999e+00	-2.522580e-09
-2.570000000000000e+00	-2.569999e+00	-2.522570e-09
-2.560000000000000e+00	-2.559999e+00	-2.522560e-09
-2.550000000000000e+00	-2.549999e+00	-2.522550e-09
-2.540000000000000e+00	-2.539999e+00	-2.522540e-09
-2.530000000000000e+00	-2.529999e+00	-2.522530e-09
-2.520000000000000e+00	-2.520000e+00	-2.522520e-09
-2.510000000000000e+00	-2.510000e+00	-2.522510e-09
-2.500000000000000e+00	-2.500000e+00	-2.522500e-09
-2.490000000000000e+00	-2.490000e+00	-2.522490e-09
-2.480000000000000e+00	-2.480000e+00	-2.522480e-09
-2.470000000000000e+00	-2.470000e+00	-2.522470e-09
-2.460000000000000e+00	-2.460000e+00	-2.522460e-09
-2.450000000000000e+00	-2.450000e+00	-2.522450e-09
-2.440000000000000e+00	-2.440000e+00	-2.522440e-09
-2.430000000000000e+00	-2.430000e+00	-2.522430e-09
-2.420000000000000e+00	-2.420000e+00	-2.522420e-09
-2.410000000000000e+00	-2.410000e+00	-2.522410e-09
-2.400000000000000e+00	-2.399999e+00	-2.522400e-09
-2.390000000000000e+00	-2.389999e+00	-2.522390e-09
-2.380000000000000e+00	-2.379999e+00	-2.522380e-09
-2.370000000000000e+00	-2.369999e+00	-2.522370e-09
-2.360000000000000e+00	-2.359999e+00	-2.522360e-09
-2.350000000000000e+00	-2.349999e+00	-2.522350e-09
-2.340000000000000e+00	-2.339999e+00	-2.522340e-09
-2.330000000000000e+00	-2.329999e+00	-2.522330e-09
-2.320000000000000e+00	-2.319999e+00	-2.522320e-09
-2.310000000000000e+00	-2.309999e+00	-2.522310e-09
-2.300000000000000e+00	-2.299999e+00	-2.522300e-09
-2.290000000000000e+00	-2.289999e+00	-2.522290e-09
-2.280000000000000e+00	-2.279999e+00	-2.522280e-09
-2.270000000000000e+00	-2.270000e+00	-2.522270e-09
-2.260000000000000e+00	-2.260000e+00	-2.522260e-09
-2.250000000000000e+00	-2.250000e+00	-2.522250e-09
-2.240000000000000e+00	-2.240000e+00	-2.522240e-09
-2.230000000000000e+00	-2.230000e+00	-2.522230e-09
-2.220000000000000e+00	-2.220000e+00	-2.522220e-09
-2.210000000000000e+00	-2.210000e+00	-2.522210e-09
-2.200000000000000e+00	-2.200000e+00	-2.522200e-09
-2.190000000000000e+00	-2.190000e+00	-2.522190e-09
-2.180000000000000e+00	-2.180000e+00	-2.522180e-09
-2.170000000000000e+00	-2.170000e+00	-2.522170e-09
-2.160000000000000e+00	-2.160000e+00	-2.522160e-09
-2.150000000000000e+00	-2.149999e+00	-2.522150e-09
-2.140000000000000e+00	-2.139999e+00	-2.522140e-09
-2.130000000000000e+00	-2.129999e+00	-2.522130e-09
-2.120000000000000e+00	-2.119999e+00	-2.522120e-09
-2.110000000000000e+00	-2.109999e+00	-2.522110e-09
-2.100000000000000e+00	-2.099999e+00	-2.522100e-09
-2.090000000000000e+00	-2.089999e+00	-2.522090e-09
-2.080000000000000e+00	-2.079999e+00	-2.522080e-09
-2.070000000000000e+00	-2.069999e+00	-2.522070e-09
-2.060000000000000e+00	-2.059999e+00	-2.522060e-09
-2.050000000000000e+00	-2.049999e+00	-2.522050e-09
-2.040000000000000e+00	-2.039999e+00	-2.522040e-09
-2.030000000000000e+00	-2.029999e+00	-2.522030e-09
-2.020000000000000e+00	-2.020000e+00	-2.522020e-09
-2.010000000000000e+00	-2.010000e+00	-2.522010e-09
-2.000000000000000e+00	-2.000000e+00	-2.522000e-09
-1.990000000000000e+00	-1.990000e+00	-2.521990e-09
-1.980000000000000e+00	-1.980000e+00	-2.521980e-09
-1.970000000000000e+00	-1.970000e+00	-2.521970e-09
-1.960000000000000e+00	-1.959999e+00	-2.521960e-09
-1.950000000000000e+00	-1.949999e+00	-2.521950e-09
-1.940000000000000e+00	-1.939999e+00	-2.521940e-09
-1.930000000000000e+00	-1.929999e+00	-2.521930e-09
-1.920000000000000e+00	-1.919999e+00	-2.521920e-09
-1.910000000000000e+00	-1.909999e+00	-2.521910e-09
-1.900000000000000e+00	-1.899999e+00	-2.521900e-09
-1.890000000000000e+00	-1.890000e+00	-2.521890e-09
-1.880000000000000e+00	-1.880000e+00	-2.521880e-09
-1.870000000000000e+00	-1.870000e+00	-2.521870e-09
-1.860000000000000e+00	-1.860000e+00	-2.521860e-09
-1.850000000000000e+00	-1.850000e+00	-2.521850e-09
-1.840000000000000e+00	-1.839999e+00	-2.521840e-09
-1.830000000000000e+00	-1.829999e+00	-2.521830e-09
-1.820000000000000e+00	-1.819999e+00	-2.521820e-09
-1.810000000000000e+00	-1.809999e+00	-2.521810e-09
-1.800000000000000e+00	-1.799999e+00	-2.521800e-09
-1.790000000000000e+00	-1.789999e+00	-2.521790e-09
-1.780000000000000e+00	-1.779999e+00	-2.521780e-09
-1.770000000000000e+00	-1.770000e+00	-2.521770e-09
-1.760000000000000e+00	-1.760000e+00	-2.521760e-09
-1.750000000000000e+00	-1.750000e+00	-2.521750e-09
-1.740000000000000e+00	-1.740000e+00	-2.521740e-09
-1.730000000000000e+00	-1.730000e+00	-2.521730e-09
-1.720000000000000e+00	-1.720000e+00	-2.521720e-09
-1.710000000000000e+00	-1.709999e+00	-2.521710e-09
-1.700000000000000e+00	-1.699999e+00	-2.521700e-09
-1.690000000000000e+00	-1.689999e+00	-2.521690e-09
-1.680000000000000e+00	-1.679999e+00	-2.521680e-09
-1.670000000000000e+00	-1.669999e+00	-2.521670e-09
-1.660000000000000e+00	-1.659999e+00	-2.521660e-09
-1.650000000000000e+00	-1.649999e+00	-2.521650e-09
-1.640000000000000e+00	-1.640000e+00	-2.521640e-09
-1.630000000000000e+00	-1.630000e+00	-2.521630e-09
-1.620000000000000e+00	-1.620000e+00	-2.521620e-09
-1.610000000000000e+00	-1.610000e+00	-2.521610e-09
-1.600000000000000e+00	-1.600000e+00	-2.521600e-09
-1.590000000000000e+00	-1.589999e+00	-2.521590e-09
-1.580000000000000e+00	-1.579999e+00	-2.521580e-09
-1.570000000000000e+00	-1.569999e+00	-2.521570e-09
-1.560000000000000e+00	-1.559999e+00	-2.521560e-09
-1.550000000000000e+00	-1.549999e+00	-2.521550e-09
-1.540000000000000e+00	-1.539999e+00	-2.521540e-09
-1.530000000000000e+00	-1.529999e+00	-2.521530e-09
-1.520000000000000e+00	-1.520000e+00	-2.521520e-09
-1.510000000000000e+00	-1.510000e+00	-2.521510e-09
-1.500000000000000e+00	-1.500000e+00	-2.521500e-09
-1.490000000000000e+00	-1.490000e+00	-2.521490e-09
-1.480000000000000e+00	-1.480000e+00	-2.521480e-09
-1.470000000000000e+00	-1.470000e+00	-2.521470e-09
-1.460000000000000e+00	-1.459999e+00	-2.521460e-09
-1.450000000000000e+00	-1.449999e+00	-2.521450e-09
-1.440000000000000e+00	-1.439999e+00	-2.521440e-09
-1.430000000000000e+00	-1.429999e+00	-2.521430e-09
-1.420000000000000e+00	-1.419999e+00	-2.521420e-09
-1.410000000000000e+00	-1.409999e+00	-2.521410e-09
-1.400000000000000e+00	-1.399999e+00	-2.521400e-09
-1.390000000000000e+00	-1.390000e+00	-2.521390e-09
-1.380000000000000e+00	-1.380000e+00	-2.521380e-09
-1.370000000000000e+00	-1.370000e+00	-2.521370e-09
-1.360000000000000e+00	-1.360000e+00	-2.521360e-09
-1.350000000000000e+00	-1.350000e+00	-2.521350e-09
-1.340000000000000e+00	-1.339999e+00	-2.521340e-09
-1.330000000000000e+00	-1.329999e+00	-2.521330e-09
-1.320000000000000e+00	-1.319999e+00	-2.521320e-09
-1.310000000000000e+00	-1.309999e+00	-2.521310e-09
-1.300000000000000e+00	-1.299999e+00	-2.521300e-09
-1.290000000000000e+00	-1.289999e+00	-2.521290e-09
-1.280000000000000e+00	-1.279999e+00	-2.521280e-09
-1.270000000000000e+00	-1.270000e+00	-2.521270e-09
-1.260000000000000e+00	-1.260000e+00	-2.521260e-09
-1.250000000000000e+00	-1.250000e+00	-2.521250e-09
-1.240000000000000e+00	-1.240000e+00	-2.521240e-09
-1.230000000000000e+00	-1.230000e+00	-2.521230e-09
-1.220000000000000e+00	-1.220000e+00	-2.521220e-09
-1.210000000000000e+00	-1.209999e+00	-2.521210e-09
-1.200000000000000e+00	-1.199999e+00	-2.521200e-09
-1.190000000000000e+00	-1.189999e+00	-2.521190e-09
-1.180000000000000e+00	-1.179999e+00	-2.521180e-09
-1.170000000000000e+00	-1.169999e+00	-2.521170e-09
-1.160000000000000e+00	-1.159999e+00	-2.521160e-09
-1.150000000000000e+00	-1.149999e+00	-2.521150e-09
-1.140000000000000e+00	-1.140000e+00	-2.521140e-09
-1.130000000000000e+00	-1.130000e+00	-2.521130e-09
-1.120000000000000e+00	-1.120000e+00	-2.521120e-09
-1.110000000000000e+00	-1.110000e+00	-2.521110e-09
-1.100000000000000e+00	-1.100000e+00	-2.521100e-09
-1.090000000000000e+00	-1.089999e+00	-2.521090e-09
-1.080000000000000e+00	-1.079999e+00	-2.521080e-09
-1.070000000000000e+00	-1.069999e+00	-2.521070e-09
-1.060000000000000e+00	-1.059999e+00	-2.521060e-09
-1.050000000000000e+00	-1.049999e+00	-2.521050e-09
-1.040000000000000e+00	-1.039999e+00	-2.521040e-09
-1.030000000000000e+00	-1.029999e+00	-2.521030e-09
-1.020000000000000e+00	-1.020000e+00	-2.521020e-09
-1.010000000000000e+00	-1.010000e+00	-2.521010e-09
-1.000000000000000e+00	-9.999995e-01	-2.521000e-09
-9.900000000000002e-01	-9.899995e-01	-2.520990e-09
-9.799999999999995e-01	-9.799995e-01	-2.520980e-09
-9.699999999999998e-01	-9.699995e-01	-2.520970e-09
-9.600000000000000e-01	-9.599995e-01	-2.520960e-09
-9.500000000000002e-01	-9.499995e-01	-2.520950e-09
-9.399999999999995e-01	-9.399995e-01	-2.520940e-09
-9.299999999999997e-01	-9.299995e-01	-2.520930e-09
-9.199999999999999e-01	-9.199995e-01	-2.520920e-09
-9.100000000000001e-01	-9.099995e-01	-2.520910e-09
-9.000000000000004e-01	-8.999995e-01	-2.520900e-09
-8.899999999999997e-01	-8.899995e-01	-2.520890e-09
-8.799999999999999e-01	-8.799995e-01	-2.520880e-09
-8.700000000000001e-01	-8.699995e-01	-2.520870e-09
-8.600000000000003e-01	-8.599995e-01	-2.520860e-09
-8.499999999999996e-01	-8.499995e-01	-2.520850e-09
-8.399999999999999e-01	-8.399995e-01	-2.520840e-09
-8.300000000000001e-01	-8.299995e-01	-2.520830e-09
-8.200000000000003e-01	-8.199995e-01	-2.520820e-09
-8.099999999999996e-01	-8.099995e-01	-2.520810e-09
-7.999999999999998e-01	-7.999995e-01	-2.520800e-09
-7.900000000000000e-01	-7.899995e-01	-2.520790e-09
-7.800000000000002e-01	-7.799995e-01	-2.520780e-09
-7.699999999999996e-01	-7.699995e-01	-2.520770e-09
-7.599999999999998e-01	-7.599995e-01	-2.520760e-09
-7.500000000000000e-01	-7.499995e-01	-2.520750e-09
-7.400000000000002e-01	-7.399995e-01	-2.520740e-09
-7.299999999999995e-01	-7.299995e-01	-2.520730e-09
-7.199999999999998e-01	-7.199995e-01	-2.520720e-09
-7.100000000000000e-01	-7.099995e-01	-2.520710e-09
-7.000000000000002e-01	-6.999995e-01	-2.520699e-09
-6.899999999999995e-01	-6.899995e-01	-2.520689e-09
-6.799999999999997e-01	-6.799995e-01	-2.520679e-09
-6.699999999999999e-01	-6.699995e-01	-2.520669e-09
-6.600000000000001e-01	-6.599995e-01	-2.520659e-09
-6.499999999999995e-01	-6.499995e-01	-2.520649e-09
-6.399999999999997e-01	-6.399995e-01	-2.520638e-09
-6.299999999999999e-01	-6.299995e-01	-2.520628e-09
-6.200000000000001e-01	-6.199995e-01	-2.520617e-09
-6.100000000000003e-01	-6.099995e-01	-2.520606e-09
-5.999999999999996e-01	-5.999995e-01	-2.520596e-09
-5.899999999999999e-01	-5.899995e-01	-2.520584e-09
-5.800000000000001e-01	-5.799995e-01	-2.520573e-09
-5.700000000000003e-01	-5.699995e-01	-2.520561e-09
-5.599999999999996e-01	-5.599995e-01	-2.520549e-09
-5.499999999999998e-01	-5.499995e-01	-2.520536e-09
-5.400000000000000e-01	-5.399995e-01	-2.520523e-09
-5.300000000000002e-01	-5.299995e-01	-2.520509e-09
-5.199999999999996e-01	-5.199995e-01	-2.520494e-09
-5.099999999999998e-01	-5.099995e-01	-2.520477e-09
-5.000000000000000e-01	-4.999995e-01	-2.520459e-09
-4.900000000000002e-01	-4.899995e-01	-2.520439e-09
-4.799999999999995e-01	-4.799995e-01	-2.520417e-09
-4.699999999999998e-01	-4.699995e-01	-2.520391e-09
-4.600000000000000e-01	-4.599995e-01	-2.520362e-09
-4.500000000000002e-01	-4.499995e-01	-2.520327e-09
-4.399999999999995e-01	-4.399995e-01	-2.520287e-09
-4.299999999999997e-01	-4.299995e-01	-2.520239e-09
-4.199999999999999e-01	-4.199995e-01	-2.520182e-09
-4.100000000000001e-01	-4.099995e-01	-2.520113e-09
-3.999999999999995e-01	-3.999995e-01	-2.520030e-09
-3.899999999999997e-01	-3.899995e-01	-2.519929e-09
-3.799999999999999e-01	-3.799995e-01	-2.519805e-09
-3.700000000000001e-01	-3.699995e-01	-2.519653e-09
-3.600000000000003e-01	-3.599995e-01	-2.519466e-09
-3.499999999999996e-01	-3.499995e-01	-2.519235e-09
-3.399999999999999e-01	-3.399995e-01	-2.518950e-09
-3.300000000000001e-01	-3.299995e-01	-2.518597e-09
-3.200000000000003e-01	-3.199995e-01	-2.518159e-09
-3.099999999999996e-01	-3.099995e-01	-2.517616e-09
-2.999999999999998e-01	-2.999995e-01	-2.516941e-09
-2.900000000000000e-01	-2.899995e-01	-2.516101e-09
-2.800000000000002e-01	-2.799995e-01	-2.515057e-09
-2.699999999999996e-01	-2.699995e-01	-2.513757e-09
-2.599999999999998e-01	-2.599995e-01	-2.512139e-09
-2.500000000000000e-01	-2.499995e-01	-2.510124e-09
-2.400000000000002e-01	-2.399995e-01	-2.507613e-09
-2.299999999999995e-01	-2.299995e-01	-2.504486e-09
-2.199999999999998e-01	-2.199995e-01	-2.500588e-09
-2.100000000000000e-01	-2.099995e-01	-2.495731e-09
-2.000000000000002e-01	-1.999995e-01	-2.489676e-09
-1.899999999999995e-01	-1.899995e-01	-2.482129e-09
-1.799999999999997e-01	-1.799995e-01	-2.472721e-09
-1.699999999999999e-01	-1.699995e-01	-2.460993e-09
-1.600000000000001e-01	-1.599995e-01	-2.446370e-09
-1.499999999999995e-01	-1.499995e-01	-2.428141e-09
-1.399999999999997e-01	-1.399995e-01	-2.405412e-09
-1.299999999999999e-01	-1.299995e-01	-2.377073e-09
-1.200000000000001e-01	-1.199995e-01	-2.341740e-09
-1.100000000000003e-01	-1.099995e-01	-2.297684e-09
-9.999999999999964e-02	-9.999955e-02	-2.242753e-09
-8.999999999999986e-02	-8.999956e-02	-2.174261e-09
-8.000000000000007e-02	-7.999958e-02	-2.088860e-09
-7.000000000000028e-02	-6.999961e-02	-1.982374e-09
-5.999999999999961e-02	-5.999963e-02	-1.849597e-09
-4.999999999999982e-02	-4.999966e-02	-1.684037e-09
-4.000000000000004e-02	-3.999970e-02	-1.477601e-09
-3.000000000000025e-02	-2.999976e-02	-1.220195e-09
-1.999999999999957e-02	-1.999982e-02	-8.992331e-10
-9.999999999999787e-03	-9.999900e-03	-4.990239e-10
0.000000000000000e+00	0.000000e+00	0.000000e+00
9.999999999999787e-03	9.999876e-03	6.222367e-10
2.000000000000046e-02	1.999972e-02	1.398108e-09
3.000000000000025e-02	2.999953e-02	2.365547e-09
4.000000000000004e-02	3.999928e-02	3.571850e-09
4.999999999999982e-02	4.999898e-02	5.075992e-09
6.000000000000050e-02	5.999861e-02	6.951504e-09
7.000000000000028e-02	6.999815e-02	9.290069e-09
8.000000000000007e-02	7.999756e-02	1.220600e-08
8.999999999999986e-02	8.999683e-02	1.584182e-08
1.000000000000005e-01	9.999593e-02	2.037523e-08
1.100000000000003e-01	1.099948e-01	2.602776e-08
1.200000000000001e-01	1.199934e-01	3.307561e-08
1.299999999999999e-01	1.299916e-01	4.186309e-08
1.399999999999997e-01	1.399894e-01	5.281941e-08
1.500000000000004e-01	1.499867e-01	6.647955e-08
1.600000000000001e-01	1.599833e-01	8.351032e-08
1.699999999999999e-01	1.699791e-01	1.047427e-07
1.799999999999997e-01	1.799738e-01	1.312122e-07
1.900000000000004e-01	1.899672e-01	1.642088e-07
2.000000000000002e-01	1.999589e-01	2.053394e-07
2.100000000000000e-01	2.099487e-01	2.566049e-07
2.199999999999998e-01	2.199359e-01	3.204964e-07
2.300000000000004e-01	2.299200e-01	4.001132e-07
2.400000000000002e-01	2.399001e-01	4.993105e-07
2.500000000000000e-01	2.498754e-01	6.228797e-07
2.599999999999998e-01	2.598446e-01	7.767716e-07
2.700000000000005e-01	2.698063e-01	9.683696e-07
2.800000000000002e-01	2.797586e-01	1.206823e-06
2.900000000000000e-01	2.896993e-01	1.503455e-06
2.999999999999998e-01	2.996255e-01	1.872245e-06
3.100000000000005e-01	3.095339e-01	2.330424e-06
3.200000000000003e-01	3.194202e-01	2.899158e-06
3.300000000000001e-01	3.292791e-01	3.604361e-06
3.399999999999999e-01	3.391045e-01	4.477617e-06
3.500000000000005e-01	3.488885e-01	5.557217e-06
3.600000000000003e-01	3.586221e-01	6.889267e-06
3.700000000000001e-01	3.682942e-01	8.528840e-06
3.799999999999999e-01	3.778918e-01	1.054107e-05
3.899999999999997e-01	3.873996e-01	1.300204e-05
4.000000000000004e-01	3.968001e-01	1.599940e-05
4.100000000000001e-01	4.060735e-01	1.963228e-05
4.199999999999999e-01	4.151979e-01	2.401057e-05
4.299999999999997e-01	4.241494e-01	2.925303e-05
4.400000000000004e-01	4.329031e-01	3.548435e-05
4.500000000000002e-01	4.414338e-01	4.283093e-05
4.600000000000000e-01	4.497168e-01	5.141582e-05
4.699999999999998e-01	4.577294e-01	6.135300e-05
4.800000000000004e-01	4.654516e-01	7.274179e-05
4.900000000000002e-01	4.728676e-01	8.566197e-05
5.000000000000000e-01	4.799659e-01	1.001704e-04
5.099999999999998e-01	4.867402e-01	1.162990e-04
5.200000000000005e-01	4.931890e-01	1.340553e-04
5.300000000000002e-01	4.993152e-01	1.534239e-04
5.400000000000000e-01	5.051261e-01	1.743695e-04
5.499999999999998e-01	5.106318e-01	1.968409e-04
5.600000000000005e-01	5.158451e-01	2.207747e-04
5.700000000000003e-01	5.207801e-01	2.460991e-04
5.800000000000001e-01	5.254525e-01	2.727376e-04
5.899999999999999e-01	5.298777e-01	3.006113e-04
6.000000000000005e-01	5.340716e-01	3.296417e-04
6.100000000000003e-01	5.380496e-01	3.597520e-04
6.200000000000001e-01	5.418263e-01	3.908682e-04
6.299999999999999e-01	5.454160e-01	4.229203e-04
6.399999999999997e-01	5.488315e-01	4.558423e-04
6.500000000000004e-01	5.520855e-01	4.895725e-04
6.600000000000001e-01	5.551893e-01	5.240536e-04
6.699999999999999e-01	5.581534e-01	5.592328e-04
6.799999999999997e-01	5.609878e-01	5.950612e-04
6.900000000000004e-01	5.637012e-01	6.314939e-04
7.000000000000002e-01	5.663021e-01	6.684894e-04
7.100000000000000e-01	5.687980e-01	7.060099e-04
7.199999999999998e-01	5.711959e-01	7.440205e-04
7.300000000000004e-01	5.735021e-01	7.824896e-04
7.400000000000002e-01	5.757226e-01	8.213868e-04
7.500000000000000e-01	5.778628e-01	8.606860e-04
7.599999999999998e-01	5.799276e-01	9.003622e-04
7.700000000000005e-01	5.819215e-01	9.403924e-04
7.800000000000002e-01	5.838489e-01	9.807557e-04
7.900000000000000e-01	5.857135e-01	1.021433e-03
7.999999999999998e-01	5.875190e-01	1.062405e-03
8.100000000000005e-01	5.892686e-01	1.103657e-03
8.200000000000003e-01	5.909655e-01	1.145172e-03
8.300000000000001e-01	5.926125e-01	1.186938e-03
8.399999999999999e-01	5.942122e-01	1.228939e-03
8.500000000000005e-01	5.957670e-01	1.271165e-03
8.600000000000003e-01	5.972793e-01	1.313604e-03
8.700000000000001e-01	5.987511e-01	1.356244e-03
8.799999999999999e-01	6.001845e-01	1.399078e-03
8.899999999999997e-01	6.015812e-01	1.442094e-03
9.000000000000004e-01	6.029430e-01	1.485285e-03
9.100000000000001e-01	6.042715e-01	1.528642e-03
9.199999999999999e-01	6.055682e-01	1.572159e-03
9.299999999999997e-01	6.068345e-01	1.615827e-03
9.400000000000004e-01	6.080718e-01	1.659641e-03
9.500000000000002e-01	6.092812e-01	1.703594e-03
9.600000000000000e-01	6.104640e-01	1.747680e-03
9.699999999999998e-01	6.116213e-01	1.791894e-03
9.800000000000004e-01	6.127540e-01	1.836230e-03
9.900000000000002e-01	6.138633e-01	1.880684e-03
1.000000000000000e+00	6.149499e-01	1.925250e-03
1.010000000000000e+00	6.160148e-01	1.969926e-03
1.020000000000000e+00	6.170588e-01	2.014706e-03
1.030000000000000e+00	6.180827e-01	2.059587e-03
1.040000000000000e+00	6.190872e-01	2.104564e-03
1.050000000000000e+00	6.200730e-01	2.149635e-03
1.060000000000000e+00	6.210408e-01	2.194796e-03
1.070000000000000e+00	6.219913e-01	2.240044e-03
1.080000000000000e+00	6.229249e-01	2.285375e-03
1.090000000000000e+00	6.238423e-01	2.330788e-03
1.100000000000001e+00	6.247441e-01	2.376280e-03
1.110000000000000e+00	6.256307e-01	2.421847e-03
1.120000000000000e+00	6.265026e-01	2.467487e-03
1.130000000000000e+00	6.273604e-01	2.513198e-03
1.140000000000001e+00	6.282045e-01	2.558978e-03
