time	V(N003,N002)
0.000000000000000e+00	0.000000e+00
9.999999717180685e-10	0.000000e+00
1.999999943436137e-09	0.000000e+00
1.640177561743656e-05	-8.667002e-09
3.280155123492968e-05	-2.736948e-09
4.920132685242280e-05	1.779016e-08
6.560110246991593e-05	5.291433e-08
8.200087808740906e-05	1.026355e-07
9.840065370490217e-05	1.669538e-07
1.148004293223953e-04	2.458692e-07
1.435299103842232e-04	5.438924e-07
1.760025832858914e-04	1.162291e-06
2.116287341636215e-04	2.443790e-06
2.496495996737816e-04	5.170703e-06
2.894409287263196e-04	1.086295e-05
3.304386204121169e-04	2.279878e-05
3.722655946453899e-04	4.780293e-05
4.146325799651917e-04	1.002252e-04
4.573778447950687e-04	2.102852e-04
5.003952994119717e-04	4.411042e-04
5.436565235083800e-04	9.247661e-04
5.871851294218487e-04	1.935869e-03
6.311034698947903e-04	4.040509e-03
6.756933079727061e-04	8.384466e-03
7.215878651680887e-04	1.721996e-02
7.701424700533955e-04	3.480488e-02
8.247564833624102e-04	6.927609e-02
8.952548487974839e-04	1.357643e-01
9.605842159705885e-04	2.150374e-01
1.040475643636815e-03	3.253921e-01
1.134909648956212e-03	4.614666e-01
1.243539866959848e-03	6.185679e-01
1.395999912902615e-03	8.355215e-01
1.640140537902615e-03	1.173512e+00
1.884281162902615e-03	1.498773e+00
2.128421787902616e-03	1.808302e+00
2.372562412902616e-03	2.100277e+00
2.616703037902616e-03	2.372995e+00
2.860843662902616e-03	2.624882e+00
3.104984287902616e-03	2.854497e+00
3.349124912902616e-03	3.060548e+00
3.593265537902616e-03	3.241899e+00
3.837406162902616e-03	3.397581e+00
4.081546787902616e-03	3.526803e+00
4.325687412902616e-03	3.628968e+00
4.569828037902616e-03	3.703680e+00
4.813968662902616e-03	3.750771e+00
5.058109287902616e-03	3.770321e+00
5.302249912902616e-03	3.762701e+00
5.546390537902616e-03	3.728631e+00
5.790531162902616e-03	3.669262e+00
6.034671787902616e-03	3.586342e+00
6.278812412902616e-03	3.482399e+00
6.522953037902616e-03	3.360927e+00
6.767093662902616e-03	3.226498e+00
7.011234287902616e-03	3.084532e+00
7.255374912902616e-03	2.940470e+00
7.499515537902616e-03	2.798688e+00
7.743656162902616e-03	2.661853e+00
7.987796787902617e-03	2.531088e+00
8.231937412902617e-03	2.406591e+00
8.476078037902617e-03	2.288188e+00
8.720218662902617e-03	2.175606e+00
8.964359287902617e-03	2.068563e+00
9.208499912902617e-03	1.966786e+00
9.452640537902617e-03	1.870017e+00
9.696781162902617e-03	1.778009e+00
9.940921787902617e-03	1.690528e+00
1.018506241290262e-02	1.607352e+00
1.042920303790262e-02	1.528267e+00
1.067334366290262e-02	1.453074e+00
1.091748428790262e-02	1.381587e+00
1.116162491290262e-02	1.313518e+00
1.133315885932383e-02	1.268312e+00
1.143396280699097e-02	1.244574e+00
1.150284685882521e-02	1.232907e+00
1.156138265493612e-02	1.231499e+00
1.162114632541706e-02	1.246491e+00
1.169468994631248e-02	1.291222e+00
1.175686068413467e-02	1.349986e+00
1.182280570303136e-02	1.427125e+00
1.190257091077208e-02	1.527380e+00
1.200191683147465e-02	1.653563e+00
1.212097049461413e-02	1.801659e+00
1.233001023753188e-02	2.051397e+00
1.257415086253188e-02	2.326920e+00
1.281829148753188e-02	2.582544e+00
1.306243211253188e-02	2.816138e+00
1.330657273753188e-02	3.026382e+00
1.355071336253188e-02	3.212113e+00
1.379485398753188e-02	3.372330e+00
1.403899461253188e-02	3.506213e+00
1.428313523753188e-02	3.613129e+00
1.452727586253188e-02	3.692644e+00
1.477141648753188e-02	3.744550e+00
1.501555711253188e-02	3.768883e+00
1.525969773753188e-02	3.765958e+00
1.550383836253188e-02	3.736428e+00
1.574797898753188e-02	3.681363e+00
1.599211961253188e-02	3.602394e+00
1.623626023753188e-02	3.501899e+00
1.648040086253188e-02	3.383184e+00
1.672454148753188e-02	3.250637e+00
1.696868211253188e-02	3.109577e+00
1.721282273753188e-02	2.965522e+00
1.745696336253188e-02	2.823100e+00
1.770110398753188e-02	2.685285e+00
1.794524461253188e-02	2.553430e+00
1.818938523753188e-02	2.427848e+00
1.843352586253188e-02	2.308401e+00
1.867766648753188e-02	2.194825e+00
1.892180711253188e-02	2.086836e+00
1.916594773753188e-02	1.984160e+00
1.941008836253188e-02	1.886537e+00
1.965422898753188e-02	1.793716e+00
1.989836961253188e-02	1.705462e+00
2.014251023753188e-02	1.621551e+00
2.038665086253188e-02	1.541768e+00
2.063079148753188e-02	1.465910e+00
2.087493211253188e-02	1.393788e+00
2.111907273753188e-02	1.325497e+00
2.136321336253188e-02	1.261764e+00
2.146665367639429e-02	1.239685e+00
2.154437339413083e-02	1.233173e+00
2.161521758382297e-02	1.245849e+00
2.168528941955866e-02	1.283527e+00
2.174125037331857e-02	1.333484e+00
2.180859831927914e-02	1.410211e+00
2.189645699543855e-02	1.519669e+00
2.199689656138122e-02	1.647211e+00
2.210791652791053e-02	1.785756e+00
2.229896719360787e-02	2.015216e+00
2.254310781860787e-02	2.292912e+00
2.278724844360787e-02	2.551233e+00
2.303138906860787e-02	2.787706e+00
2.327552969360787e-02	3.000987e+00
2.351967031860787e-02	3.189893e+00
2.376381094360787e-02	3.353404e+00
2.400795156860787e-02	3.490675e+00
2.425209219360787e-02	3.601047e+00
2.449623281860787e-02	3.684063e+00
2.474037344360787e-02	3.739484e+00
2.498451406860787e-02	3.767311e+00
2.522865469360787e-02	3.767824e+00
2.547279531860787e-02	3.741627e+00
2.571693594360787e-02	3.689732e+00
2.596107656860787e-02	3.613690e+00
2.620521719360787e-02	3.515773e+00
2.644935781860787e-02	3.399155e+00
2.669349844360787e-02	3.268084e+00
2.693763906860787e-02	3.127793e+00
2.718177969360787e-02	2.983833e+00
2.742592031860787e-02	2.841000e+00
2.767006094360787e-02	2.702495e+00
2.791420156860787e-02	2.569850e+00
2.815834219360787e-02	2.443472e+00
2.840248281860787e-02	2.323259e+00
2.864662344360787e-02	2.208952e+00
2.889076406860787e-02	2.100268e+00
2.913490469360787e-02	1.996932e+00
2.937904531860787e-02	1.898680e+00
2.962318594360787e-02	1.805261e+00
2.986732656860787e-02	1.716440e+00
3.011146719360787e-02	1.631988e+00
3.035560781860787e-02	1.551692e+00
3.059974844360787e-02	1.475346e+00
3.084388906860787e-02	1.402758e+00
3.108802969360787e-02	1.333901e+00
3.133217031860787e-02	1.269337e+00
3.145453624936669e-02	1.242167e+00
3.153951906039502e-02	1.233344e+00
3.160925664153460e-02	1.243744e+00
3.167885617855044e-02	1.278525e+00
3.173240105640414e-02	1.324447e+00
3.180066677910105e-02	1.400974e+00
3.189869444293624e-02	1.522541e+00
3.199863236800803e-02	1.649362e+00
3.229043823874243e-02	2.005315e+00
3.253457886374243e-02	2.283511e+00
3.277871948874243e-02	2.542569e+00
3.302286011374243e-02	2.779829e+00
3.326700073874243e-02	2.993940e+00
3.351114136374243e-02	3.183717e+00
3.375528198874243e-02	3.348130e+00
3.399942261374243e-02	3.486330e+00
3.424356323874243e-02	3.597651e+00
3.448770386374243e-02	3.681628e+00
3.473184448874243e-02	3.738013e+00
3.497598511374243e-02	3.766802e+00
3.522012573874243e-02	3.768261e+00
3.546426636374243e-02	3.742983e+00
3.570840698874243e-02	3.691962e+00
3.595254761374243e-02	3.616732e+00
3.619668823874243e-02	3.519532e+00
3.644082886374243e-02	3.403502e+00
3.668496948874243e-02	3.272852e+00
3.692911011374243e-02	3.132788e+00
3.717325073874243e-02	2.988868e+00
3.741739136374243e-02	2.845931e+00
3.766153198874243e-02	2.707241e+00
3.790567261374243e-02	2.574379e+00
3.814981323874243e-02	2.447782e+00
3.839395386374243e-02	2.327358e+00
3.863809448874243e-02	2.212849e+00
3.888223511374243e-02	2.103974e+00
3.912637573874243e-02	2.000455e+00
3.937051636374243e-02	1.902029e+00
3.961465698874243e-02	1.808447e+00
3.985879761374243e-02	1.719468e+00
4.010293823874243e-02	1.634867e+00
4.034707886374243e-02	1.554429e+00
4.059121948874243e-02	1.477949e+00
4.083536011374243e-02	1.405233e+00
4.107950073874243e-02	1.336230e+00
4.132364136374243e-02	1.271191e+00
4.143892256815905e-02	1.244712e+00
4.152695979729452e-02	1.232927e+00
4.159279132179373e-02	1.238215e+00
4.165900548812948e-02	1.264749e+00
4.171257639237801e-02	1.305626e+00
4.178281847396809e-02	1.379826e+00
4.185709472818692e-02	1.469803e+00
4.193763583665328e-02	1.571978e+00
4.203973567554924e-02	1.701061e+00
4.218517973037069e-02	1.879597e+00
4.242932035537069e-02	2.165459e+00
4.267346098037069e-02	2.433467e+00
4.291760160537069e-02	2.680300e+00
4.316174223037069e-02	2.904546e+00
4.340588285537069e-02	3.104951e+00
4.365002348037069e-02	3.280414e+00
4.389416410537069e-02	3.430008e+00
4.413830473037069e-02	3.552987e+00
4.438244535537069e-02	3.648796e+00
4.462658598037069e-02	3.717093e+00
4.487072660537069e-02	3.757764e+00
4.511486723037069e-02	3.770953e+00
4.535900785537069e-02	3.757106e+00
4.560314848037069e-02	3.717032e+00
4.584728910537069e-02	3.652017e+00
4.609142973037069e-02	3.563972e+00
4.633557035537069e-02	3.455611e+00
4.657971098037069e-02	3.330670e+00
4.682385160537069e-02	3.193977e+00
4.706799223037069e-02	3.051057e+00
4.731213285537069e-02	2.907191e+00
4.755627348037069e-02	2.766384e+00
4.780041410537069e-02	2.630905e+00
4.804455473037069e-02	2.501599e+00
4.828869535537069e-02	2.378540e+00
4.853283598037069e-02	2.261515e+00
4.877697660537069e-02	2.150246e+00
4.902111723037069e-02	2.044450e+00
4.926525785537069e-02	1.943860e+00
4.950939848037069e-02	1.848219e+00
4.975353910537069e-02	1.757283e+00
5.024182035537069e-02	1.588615e+00
5.048596098037069e-02	1.510453e+00
5.073010160537069e-02	1.436136e+00
5.097424223037069e-02	1.365495e+00
5.121838285537069e-02	1.298846e+00
5.141480093702014e-02	1.251646e+00
5.152929879749836e-02	1.235741e+00
5.160534205737563e-02	1.244507e+00
5.167996368535106e-02	1.280334e+00
5.173355462924601e-02	1.325980e+00
5.180350679073473e-02	1.404501e+00
5.189954157370948e-02	1.523623e+00
5.200101749865126e-02	1.652399e+00
5.211031800552134e-02	1.788786e+00
5.229641782181654e-02	2.012295e+00
5.254055844681654e-02	2.290105e+00
5.278469907181654e-02	2.548646e+00
5.302883969681654e-02	2.785354e+00
5.327298032181654e-02	2.998884e+00
5.351712094681654e-02	3.188050e+00
5.376126157181654e-02	3.351831e+00
5.400540219681654e-02	3.489380e+00
5.424954282181654e-02	3.600035e+00
5.449368344681654e-02	3.683339e+00
5.473782407181654e-02	3.739048e+00
5.498196469681654e-02	3.767162e+00
5.522610532181654e-02	3.767958e+00
5.547024594681654e-02	3.742035e+00
5.571438657181654e-02	3.690402e+00
5.595852719681654e-02	3.614602e+00
5.620266782181654e-02	3.516899e+00
5.644680844681654e-02	3.400456e+00
5.669094907181654e-02	3.269511e+00
5.693508969681654e-02	3.129287e+00
5.717923032181654e-02	2.985338e+00
5.742337094681654e-02	2.842474e+00
5.766751157181654e-02	2.703913e+00
5.791165219681654e-02	2.571203e+00
5.815579282181654e-02	2.444760e+00
5.839993344681654e-02	2.324484e+00
5.864407407181654e-02	2.210116e+00
5.888821469681654e-02	2.101375e+00
5.913235532181654e-02	1.997984e+00
5.937649594681654e-02	1.899680e+00
5.962063657181654e-02	1.806213e+00
5.986477719681654e-02	1.717344e+00
6.010891782181654e-02	1.632848e+00
6.035305844681654e-02	1.552509e+00
6.059719907181654e-02	1.476123e+00
6.084133969681654e-02	1.403497e+00
6.108548032181654e-02	1.334596e+00
6.132962094681654e-02	1.269625e+00
6.143806524084024e-02	1.244927e+00
6.152974664225879e-02	1.233120e+00
6.159636902332750e-02	1.239302e+00
6.166317044070634e-02	1.267446e+00
6.171651664981200e-02	1.309209e+00
6.178606862026878e-02	1.383632e+00
6.186376753277010e-02	1.478246e+00
6.194759579160145e-02	1.584653e+00
6.205062487599204e-02	1.714688e+00
6.220178348051878e-02	1.899655e+00
6.244592410551878e-02	2.184327e+00
6.269006473051877e-02	2.450942e+00
6.293420535551877e-02	2.696282e+00
6.317834598051877e-02	2.918945e+00
6.342248660551877e-02	3.117686e+00
6.366662723051877e-02	3.291417e+00
6.391076785551877e-02	3.439223e+00
6.415490848051877e-02	3.560368e+00
6.439904910551877e-02	3.654315e+00
6.464318973051877e-02	3.720735e+00
6.488733035551877e-02	3.759529e+00
6.513147098051877e-02	3.770861e+00
6.537561160551877e-02	3.755200e+00
6.561975223051877e-02	3.713383e+00
6.586389285551877e-02	3.646732e+00
6.610803348051877e-02	3.557208e+00
6.635217410551877e-02	3.447589e+00
6.659631473051877e-02	3.321684e+00
6.684045535551877e-02	3.184390e+00
6.708459598051877e-02	3.041248e+00
6.732873660551877e-02	2.897482e+00
6.757287723051877e-02	2.756985e+00
6.781701785551877e-02	2.621911e+00
6.806115848051877e-02	2.493033e+00
6.830529910551877e-02	2.370393e+00
6.854943973051877e-02	2.253768e+00
6.879358035551877e-02	2.142880e+00
6.903772098051877e-02	2.037446e+00
6.928186160551877e-02	1.937201e+00
6.952600223051877e-02	1.841887e+00
6.977014285551877e-02	1.751264e+00
7.025842410551877e-02	1.583173e+00
7.050256473051877e-02	1.505278e+00
7.074670535551877e-02	1.431217e+00
7.099084598051877e-02	1.360824e+00
7.123498660551877e-02	1.294805e+00
7.143854204753311e-02	1.248620e+00
7.155631830957408e-02	1.239813e+00
7.164385929567728e-02	1.263553e+00
7.172757384422906e-02	1.322934e+00
7.179575850050923e-02	1.394840e+00
7.186801528243164e-02	1.483580e+00
7.195320416795260e-02	1.591837e+00
7.205630111376521e-02	1.721743e+00
7.221819004491199e-02	1.919301e+00
7.246233066991199e-02	2.202880e+00
7.270647129491199e-02	2.468112e+00
7.295061191991199e-02	2.711971e+00
7.319475254491199e-02	2.933063e+00
7.343889316991199e-02	3.130156e+00
7.368303379491199e-02	3.302171e+00
7.392717441991199e-02	3.448207e+00
7.417131504491199e-02	3.567539e+00
7.441545566991199e-02	3.659644e+00
7.465959629491199e-02	3.724207e+00
7.490373691991199e-02	3.761147e+00
7.514787754491199e-02	3.770648e+00
7.539201816991199e-02	3.753198e+00
7.563615879491199e-02	3.709664e+00
7.588029941991199e-02	3.641405e+00
7.612444004491199e-02	3.550432e+00
7.636858066991199e-02	3.439587e+00
7.661272129491199e-02	3.312754e+00
7.685686191991199e-02	3.174891e+00
7.710100254491199e-02	3.031553e+00
7.734514316991199e-02	2.887904e+00
7.758928379491199e-02	2.747723e+00
7.783342441991199e-02	2.613052e+00
7.807756504491199e-02	2.484597e+00
7.832170566991199e-02	2.362369e+00
7.856584629491199e-02	2.246139e+00
7.880998691991199e-02	2.135626e+00
7.905412754491199e-02	2.030550e+00
7.929826816991199e-02	1.930643e+00
7.954240879491199e-02	1.835653e+00
7.978654941991199e-02	1.745336e+00
8.003069004491199e-02	1.659462e+00
8.027483066991199e-02	1.577814e+00
8.051897129491199e-02	1.500183e+00
8.076311191991199e-02	1.426372e+00
8.100725254491199e-02	1.356227e+00
8.125139316991199e-02	1.291073e+00
8.146384135960728e-02	1.243404e+00
8.155206897277037e-02	1.236695e+00
8.163229240816527e-02	1.256169e+00
8.171178058680113e-02	1.307569e+00
8.177528293905836e-02	1.371007e+00
8.184438096555706e-02	1.453980e+00
8.192502744040568e-02	1.556002e+00
8.202543174828651e-02	1.683192e+00
8.215903196567161e-02	1.847931e+00
8.240109554494075e-02	2.133217e+00
8.264523616994075e-02	2.403538e+00
8.288937679494075e-02	2.652893e+00
8.313351741994075e-02	2.879818e+00
8.337765804494075e-02	3.083038e+00
8.362179866994075e-02	3.261435e+00
8.386593929494075e-02	3.414062e+00
8.411007991994075e-02	3.540149e+00
8.435422054494075e-02	3.639122e+00
8.459836116994075e-02	3.710610e+00
8.484250179494075e-02	3.754472e+00
8.508664241994075e-02	3.770822e+00
8.533078304494075e-02	3.760067e+00
8.557492366994075e-02	3.722970e+00
8.581906429494075e-02	3.660756e+00
8.606320491994075e-02	3.575254e+00
8.630734554494075e-02	3.469072e+00
8.655148616994075e-02	3.345818e+00
8.679562679494075e-02	3.210207e+00
8.703976741994075e-02	3.067722e+00
8.728390804494075e-02	2.923728e+00
8.752804866994075e-02	2.782419e+00
8.777218929494075e-02	2.646259e+00
8.801632991994075e-02	2.516227e+00
8.826047054494075e-02	2.392454e+00
8.850461116994075e-02	2.274745e+00
8.874875179494075e-02	2.162825e+00
8.899289241994075e-02	2.056410e+00
8.923703304494075e-02	1.955232e+00
8.948117366994075e-02	1.859031e+00
8.972531429494075e-02	1.767564e+00
8.996945491994075e-02	1.680597e+00
9.021359554494075e-02	1.597909e+00
9.045773616994075e-02	1.519289e+00
9.070187679494075e-02	1.444538e+00
9.094601741994075e-02	1.373475e+00
9.119015804494075e-02	1.306933e+00
9.143429866994075e-02	1.251614e+00
9.156689161555889e-02	1.245169e+00
9.166656918133965e-02	1.278279e+00
9.174445024739543e-02	1.340336e+00
9.182844136766251e-02	1.434713e+00
9.190723718183373e-02	1.533198e+00
9.201953261332083e-02	1.675854e+00
9.232996519436878e-02	2.051386e+00
9.257410581936878e-02	2.326871e+00
9.281824644436878e-02	2.582498e+00
9.306238706936878e-02	2.816097e+00
9.330652769436878e-02	3.026346e+00
9.355066831936878e-02	3.212081e+00
9.379480894436878e-02	3.372303e+00
9.403894956936878e-02	3.506191e+00
9.428309019436878e-02	3.613111e+00
9.452723081936878e-02	3.692632e+00
9.477137144436878e-02	3.744544e+00
9.501551206936878e-02	3.768881e+00
9.525965269436878e-02	3.765961e+00
9.550379331936878e-02	3.736436e+00
9.574793394436878e-02	3.681375e+00
9.599207456936878e-02	3.602410e+00
9.623621519436878e-02	3.501919e+00
9.648035581936878e-02	3.383207e+00
9.672449644436878e-02	3.250662e+00
9.696863706936878e-02	3.109603e+00
9.721277769436878e-02	2.965549e+00
9.745691831936878e-02	2.823126e+00
9.770105894436878e-02	2.685310e+00
9.794519956936878e-02	2.553454e+00
9.818934019436878e-02	2.427870e+00
9.843348081936878e-02	2.308422e+00
9.867762144436878e-02	2.194845e+00
9.892176206936878e-02	2.086856e+00
9.916590269436878e-02	1.984179e+00
9.941004331936878e-02	1.886554e+00
9.965418394436878e-02	1.793733e+00
9.989832456936878e-02	1.705478e+00
1.001424651943688e-01	1.621566e+00
1.003866058193688e-01	1.541782e+00
1.006307464443688e-01	1.465924e+00
1.008748870693688e-01	1.393801e+00
1.011190276943688e-01	1.325509e+00
1.013631683193688e-01	1.263323e+00
1.015043814778816e-01	1.237376e+00
1.015821636480327e-01	1.239424e+00
1.016606741659857e-01	1.268555e+00
1.017209317316299e-01	1.314637e+00
1.017944384415394e-01	1.393608e+00
1.018690727127091e-01	1.484910e+00
1.019529163400383e-01	1.591464e+00
1.020553712484458e-01	1.720593e+00
1.022161235467648e-01	1.916828e+00
1.024602641717648e-01	2.200548e+00
1.027044047967648e-01	2.465955e+00
1.029485454217648e-01	2.710000e+00
1.031926860467648e-01	2.931291e+00
1.034368266717648e-01	3.128591e+00
1.036809672967648e-01	3.300823e+00
1.039251079217648e-01	3.447081e+00
1.041692485467648e-01	3.566643e+00
1.044133891717648e-01	3.658980e+00
1.046575297967648e-01	3.723777e+00
1.049016704217648e-01	3.760951e+00
1.051458110467648e-01	3.770682e+00
1.053899516717648e-01	3.753457e+00
1.056340922967648e-01	3.710139e+00
1.058782329217648e-01	3.642082e+00
1.061223735467648e-01	3.551290e+00
1.063665141717648e-01	3.440599e+00
1.066106547967648e-01	3.313881e+00
1.068547954217648e-01	3.176089e+00
1.070989360467648e-01	3.032774e+00
1.073430766717648e-01	2.889110e+00
1.075872172967648e-01	2.748888e+00
1.078313579217648e-01	2.614166e+00
1.080754985467648e-01	2.485658e+00
1.083196391717648e-01	2.363378e+00
1.085637797967648e-01	2.247099e+00
1.088079204217648e-01	2.136538e+00
1.090520610467648e-01	2.031417e+00
1.092962016717648e-01	1.931468e+00
1.095403422967648e-01	1.836437e+00
1.097844829217648e-01	1.746081e+00
1.100286235467648e-01	1.660171e+00
1.102727641717648e-01	1.578488e+00
1.105169047967648e-01	1.500824e+00
1.107610454217648e-01	1.426981e+00
1.110051860467648e-01	1.356805e+00
1.112493266717648e-01	1.290117e+00
1.113875571188487e-01	1.255548e+00
1.114885791538326e-01	1.235686e+00
1.115516995172246e-01	1.231984e+00
1.116172483844221e-01	1.246047e+00
1.116909092804800e-01	1.288254e+00
1.117504746019311e-01	1.343154e+00
1.118169390213817e-01	1.420069e+00
1.118971854449220e-01	1.520550e+00
1.119981272298353e-01	1.648783e+00
1.121116044735483e-01	1.790202e+00
1.123142530607699e-01	2.033019e+00
1.125583936857699e-01	2.309699e+00
1.128025343107699e-01	2.566695e+00
1.130466749357699e-01	2.801753e+00
1.132908155607699e-01	3.013541e+00
1.135349561857699e-01	3.200886e+00
1.137790968107699e-01	3.362777e+00
1.140232374357699e-01	3.498381e+00
1.142673780607699e-01	3.607052e+00
1.145115186857699e-01	3.688345e+00
1.147556593107699e-01	3.742034e+00
1.149997999357699e-01	3.768140e+00
1.152439405607699e-01	3.766959e+00
1.154880811857699e-01	3.739119e+00
1.157322218107699e-01	3.685660e+00
1.159763624357699e-01	3.608172e+00
1.162205030607699e-01	3.508978e+00
1.164646436857699e-01	3.391320e+00
1.167087843107699e-01	3.259511e+00
1.169529249357699e-01	3.118830e+00
1.171970655607699e-01	2.974814e+00
1.174412061857699e-01	2.832009e+00
1.176560271861697e-01	2.710027e+00
1.178842704586067e-01	2.585541e+00
1.181098342257012e-01	2.467947e+00
1.183539748507012e-01	2.346649e+00
1.185981154757012e-01	2.231192e+00
1.188422561007012e-01	2.121414e+00
1.190863967257012e-01	2.017037e+00
1.193305373507012e-01	1.917796e+00
1.195746779757012e-01	1.823437e+00
1.198188186007012e-01	1.733721e+00
1.200629592257012e-01	1.648419e+00
1.203070998507012e-01	1.567314e+00
1.205512404757012e-01	1.490200e+00
1.207953811007012e-01	1.416880e+00
1.210395217257012e-01	1.347232e+00
1.212836623507012e-01	1.281866e+00
1.214456093506433e-01	1.243976e+00
1.215254890400590e-01	1.233120e+00
1.215927480067393e-01	1.238685e+00
1.216604186290615e-01	1.265910e+00
1.217139999550514e-01	1.307034e+00
1.217845982222949e-01	1.381942e+00
1.218595554048623e-01	1.472910e+00
1.219403480310207e-01	1.575436e+00
1.220428958334581e-01	1.705019e+00
1.221901631167060e-01	1.885625e+00
1.224343037417060e-01	2.171131e+00
1.226784443667060e-01	2.438722e+00
1.229225849917060e-01	2.685108e+00
1.231667256167060e-01	2.908880e+00
1.234108662417060e-01	3.108785e+00
1.236550068667060e-01	3.283729e+00
1.238991474917060e-01	3.432787e+00
1.241432881167060e-01	3.555215e+00
1.243874287417060e-01	3.650466e+00
1.246315693667060e-01	3.718199e+00
1.248757099917060e-01	3.758307e+00
1.251198506167060e-01	3.770939e+00
1.253639912417060e-01	3.756547e+00
1.256081318667060e-01	3.715949e+00
1.258522724917060e-01	3.650442e+00
1.260964131167060e-01	3.561952e+00
1.263405537417060e-01	3.453212e+00
1.265846943667060e-01	3.327979e+00
1.268288349917060e-01	3.191103e+00
1.270729756167060e-01	3.048113e+00
1.273171162417060e-01	2.904275e+00
1.275612568667060e-01	2.763345e+00
1.277706784618393e-01	2.646742e+00
1.279945181785190e-01	2.527446e+00
1.282386588035190e-01	2.403253e+00
1.284827994285190e-01	2.285014e+00
1.287269400535190e-01	2.172588e+00
1.289710806785190e-01	2.065693e+00
1.292152213035190e-01	1.964058e+00
1.294593619285190e-01	1.867423e+00
1.297035025535190e-01	1.775543e+00
1.299476431785190e-01	1.688183e+00
1.301917838035190e-01	1.605122e+00
1.304359244285190e-01	1.526148e+00
1.306800650535190e-01	1.451059e+00
1.309242056785190e-01	1.379672e+00
1.311683463035190e-01	1.311829e+00
1.313553190387356e-01	1.263051e+00
1.314527741455145e-01	1.241149e+00
1.315219894538474e-01	1.232223e+00
1.315898161116540e-01	1.236862e+00
1.316516933827289e-01	1.259869e+00
1.317062036043208e-01	1.299906e+00
1.317770234758836e-01	1.373054e+00
1.318471572913593e-01	1.457272e+00
1.319267240571808e-01	1.558078e+00
1.320261259112258e-01	1.683975e+00
1.321662153922905e-01	1.856562e+00
1.324103560172905e-01	2.143797e+00
1.326544966422905e-01	2.413388e+00
1.328986372672905e-01	2.661919e+00
1.331427778922905e-01	2.887966e+00
1.333869185172905e-01	3.090264e+00
1.336310591422905e-01	3.267700e+00
1.338751997672905e-01	3.419333e+00
1.341193403922905e-01	3.544402e+00
1.343634810172905e-01	3.642337e+00
1.346076216422905e-01	3.712778e+00
1.348517622672905e-01	3.755593e+00
1.350959028922905e-01	3.770905e+00
1.353400435172905e-01	3.759135e+00
1.355841841422905e-01	3.721059e+00
1.358283247672905e-01	3.657923e+00
1.360724653922905e-01	3.571583e+00
1.363166060172905e-01	3.464681e+00
1.365607466422905e-01	3.340866e+00
1.368048872672905e-01	3.204892e+00
1.370490278922905e-01	3.062256e+00
1.372931685172905e-01	2.918298e+00
1.375373091422905e-01	2.777151e+00
1.377814497672905e-01	2.641212e+00
1.380255903922905e-01	2.511418e+00
1.382697310172905e-01	2.387880e+00
1.385138716422905e-01	2.270396e+00
1.387580122672905e-01	2.158689e+00
1.390021528922905e-01	2.052479e+00
1.392462935172905e-01	1.951493e+00
1.394904341422905e-01	1.855477e+00
1.397345747672905e-01	1.764184e+00
1.399787153922905e-01	1.677384e+00
1.402228560172905e-01	1.594854e+00
1.404669966422905e-01	1.516384e+00
1.407111372672905e-01	1.441776e+00
1.409552778922905e-01	1.370851e+00
1.411994185172905e-01	1.303294e+00
1.413494782057883e-01	1.264163e+00
1.414428862948621e-01	1.242599e+00
1.415067663214181e-01	1.232330e+00
1.415649994903529e-01	1.231697e+00
1.416241580671731e-01	1.247130e+00
1.416929374099651e-01	1.289323e+00
1.417549639518192e-01	1.347918e+00
1.418205299122936e-01	1.424338e+00
1.419004227720329e-01	1.524651e+00
1.419998214276110e-01	1.650916e+00
1.421174602420595e-01	1.797368e+00
1.423232109994922e-01	2.043487e+00
1.425673516244922e-01	2.319500e+00
1.428114922494922e-01	2.575716e+00
1.430556328744922e-01	2.809943e+00
1.432997734994922e-01	3.020854e+00
1.435439141244922e-01	3.207281e+00
1.437880547494922e-01	3.368222e+00
1.440321953744922e-01	3.502847e+00
1.442763359994922e-01	3.610520e+00
1.445204766244922e-01	3.690803e+00
1.447646172494922e-01	3.743479e+00
1.450087578744922e-01	3.768576e+00
1.452528984994922e-01	3.766404e+00
1.454970391244922e-01	3.737602e+00
1.457411797494922e-01	3.683229e+00
1.459853203744922e-01	3.604898e+00
1.462294609994922e-01	3.504963e+00
1.464736016244922e-01	3.386702e+00
1.467177422494922e-01	3.254470e+00
1.469618828744922e-01	3.113571e+00
1.472060234994922e-01	2.969531e+00
1.474501641244922e-01	2.827014e+00
1.476943047494922e-01	2.689046e+00
1.479384453744922e-01	2.557018e+00
1.481825859994922e-01	2.431261e+00
1.484267266244922e-01	2.311647e+00
1.486708672494922e-01	2.197911e+00
1.489150078744922e-01	2.089771e+00
1.491591484994922e-01	1.986951e+00
1.494032891244922e-01	1.889190e+00
1.496474297494922e-01	1.796238e+00
1.498915703744922e-01	1.707861e+00
1.501357109994922e-01	1.623831e+00
1.503798516244922e-01	1.543936e+00
1.506239922494922e-01	1.467972e+00
1.508681328744922e-01	1.395748e+00
1.511122734994922e-01	1.327327e+00
1.513564141244922e-01	1.263347e+00
1.514623012656137e-01	1.240434e+00
1.515418379292326e-01	1.233359e+00
1.516147988388599e-01	1.245840e+00
1.516840620730115e-01	1.282492e+00
1.517392232942479e-01	1.331391e+00
1.518069137012753e-01	1.408250e+00
1.518969983514480e-01	1.520365e+00
1.519972918828205e-01	1.647704e+00
1.521081524117624e-01	1.786067e+00
1.522970179359922e-01	2.012954e+00
1.525411585609922e-01	2.290766e+00
1.527852991859922e-01	2.549255e+00
1.530294398109922e-01	2.785908e+00
1.532735804359922e-01	2.999379e+00
1.535177210609922e-01	3.188484e+00
1.537618616859922e-01	3.352202e+00
1.540060023109922e-01	3.489685e+00
1.542501429359922e-01	3.600274e+00
1.544942835609922e-01	3.683510e+00
1.547384241859922e-01	3.739151e+00
1.549825648109922e-01	3.767198e+00
1.552267054359922e-01	3.767926e+00
1.554708460609922e-01	3.741940e+00
1.557149866859922e-01	3.690245e+00
1.559591273109922e-01	3.614388e+00
1.562032679359922e-01	3.516634e+00
1.564474085609922e-01	3.400150e+00
1.566915491859922e-01	3.269175e+00
1.569356898109922e-01	3.128935e+00
1.571798304359922e-01	2.984984e+00
1.574239710609922e-01	2.842127e+00
1.576681116859922e-01	2.703579e+00
1.579122523109922e-01	2.570884e+00
1.581563929359922e-01	2.444457e+00
1.584005335609922e-01	2.324195e+00
1.586446741859922e-01	2.209842e+00
1.588888148109922e-01	2.101115e+00
1.591329554359922e-01	1.997736e+00
1.593770960609922e-01	1.899445e+00
1.596212366859922e-01	1.805989e+00
1.598653773109922e-01	1.717131e+00
1.601095179359922e-01	1.632646e+00
1.603536585609922e-01	1.552317e+00
1.605977991859922e-01	1.475940e+00
1.608419398109922e-01	1.403323e+00
1.610860804359922e-01	1.334433e+00
1.613302210609922e-01	1.269898e+00
1.614566856358427e-01	1.241895e+00
1.615410212837273e-01	1.233467e+00
1.616114309217493e-01	1.244646e+00
1.616817027620664e-01	1.280755e+00
1.617357864176363e-01	1.327877e+00
1.618038922663397e-01	1.404849e+00
1.619077949836022e-01	1.534103e+00
1.620027266739963e-01	1.654520e+00
1.622999301504563e-01	2.016573e+00
1.625440707754563e-01	2.293973e+00
1.627882114004563e-01	2.552210e+00
1.630323520254563e-01	2.788593e+00
1.632764926504563e-01	3.001781e+00
1.635206332754563e-01	3.190589e+00
1.637647739004563e-01	3.353998e+00
1.640089145254563e-01	3.491164e+00
1.642530551504563e-01	3.601429e+00
1.644971957754563e-01	3.684336e+00
1.647413364004563e-01	3.739647e+00
1.649854770254563e-01	3.767366e+00
1.652296176504563e-01	3.767772e+00
1.654737582754563e-01	3.741472e+00
1.657178989004563e-01	3.689478e+00
1.659620395254563e-01	3.613345e+00
1.662061801504563e-01	3.515347e+00
1.664503207754563e-01	3.398663e+00
1.666944614004563e-01	3.267545e+00
1.669386020254563e-01	3.127229e+00
1.671827426504563e-01	2.983265e+00
1.674268832754563e-01	2.840444e+00
1.676710239004563e-01	2.701960e+00
1.679151645254563e-01	2.569339e+00
1.681593051504563e-01	2.442986e+00
1.684034457754563e-01	2.322797e+00
1.686475864004563e-01	2.208513e+00
1.688917270254563e-01	2.099850e+00
1.691358676504563e-01	1.996534e+00
1.693800082754563e-01	1.898302e+00
1.696241489004563e-01	1.804902e+00
1.698682895254563e-01	1.716098e+00
1.701124301504563e-01	1.631663e+00
1.703565707754563e-01	1.551383e+00
1.706007114004563e-01	1.475052e+00
1.708448520254563e-01	1.402479e+00
1.710889926504563e-01	1.333639e+00
1.713331332754563e-01	1.268913e+00
1.714473087081259e-01	1.243293e+00
1.715352057611922e-01	1.233167e+00
1.716033660400475e-01	1.241542e+00
1.716714729126914e-01	1.273094e+00
1.717247219599562e-01	1.316911e+00
1.717933241680644e-01	1.392197e+00
1.718799940031299e-01	1.498813e+00
1.719769554186163e-01	1.621939e+00
1.720805568597933e-01	1.751971e+00
1.722511772588026e-01	1.958773e+00
1.724953178838026e-01	2.239913e+00
1.727394585088026e-01	2.502342e+00
1.729835991338026e-01	2.743203e+00
1.732277397588026e-01	2.961121e+00
1.734718803838026e-01	3.154885e+00
1.737160210088026e-01	3.323439e+00
1.739601616338026e-01	3.465904e+00
1.742043022588026e-01	3.581584e+00
1.744484428838026e-01	3.669981e+00
1.746925835088026e-01	3.730811e+00
1.749367241338026e-01	3.764027e+00
1.751808647588026e-01	3.769850e+00
1.754250053838026e-01	3.748816e+00
1.756691460088026e-01	3.701849e+00
1.759132866338026e-01	3.630384e+00
1.761574272588026e-01	3.536536e+00
1.764015678838026e-01	3.423279e+00
1.766457085088026e-01	3.294647e+00
1.768898491338026e-01	3.155718e+00
1.771339897588026e-01	3.012059e+00
1.773781303838026e-01	2.868696e+00
1.776222710088026e-01	2.729177e+00
1.778664116338026e-01	2.595327e+00
1.781105522588026e-01	2.467721e+00
1.783546928838026e-01	2.346319e+00
1.785988335088026e-01	2.230878e+00
1.788429741338026e-01	2.121116e+00
1.790871147588026e-01	2.016753e+00
1.793312553838026e-01	1.917526e+00
1.795753960088026e-01	1.823181e+00
1.798195366338026e-01	1.733477e+00
1.800636772588026e-01	1.648187e+00
1.803078178838026e-01	1.567094e+00
1.805519585088026e-01	1.489990e+00
1.807960991338026e-01	1.416681e+00
1.810402397588026e-01	1.347044e+00
1.812843803838026e-01	1.280834e+00
1.813945553686714e-01	1.253539e+00
1.814867244393677e-01	1.235418e+00
1.815465352403539e-01	1.231161e+00
1.816091357458092e-01	1.242403e+00
1.816795294919118e-01	1.278857e+00
1.817357924254794e-01	1.327706e+00
1.818024169045047e-01	1.402895e+00
1.819047594754779e-01	1.530231e+00
1.819994536646775e-01	1.650377e+00
1.822948449339806e-01	2.010596e+00
1.825389855589806e-01	2.288372e+00
1.827831261839806e-01	2.547049e+00
1.830272668089806e-01	2.783902e+00
1.832714074339806e-01	2.997585e+00
1.835155480589806e-01	3.186912e+00
1.837596886839806e-01	3.350859e+00
1.840038293089806e-01	3.488579e+00
1.842479699339806e-01	3.599410e+00
1.844921105589806e-01	3.682890e+00
1.847362511839806e-01	3.738777e+00
1.849803918089806e-01	3.767069e+00
1.852245324339806e-01	3.768039e+00
1.854686730589806e-01	3.742286e+00
1.857128136839806e-01	3.690814e+00
1.859569543089806e-01	3.615163e+00
1.862010949339806e-01	3.517593e+00
1.864452355589806e-01	3.401258e+00
1.866893761839806e-01	3.270390e+00
1.869335168089806e-01	3.130208e+00
1.871776574339806e-01	2.986266e+00
1.874217980589806e-01	2.843383e+00
1.876659386839806e-01	2.704788e+00
1.879100793089806e-01	2.572038e+00
1.881542199339806e-01	2.445555e+00
1.883983605589806e-01	2.325239e+00
1.886425011839806e-01	2.210835e+00
1.888866418089806e-01	2.102059e+00
1.891307824339806e-01	1.998634e+00
1.893749230589806e-01	1.900298e+00
1.896190636839806e-01	1.806800e+00
1.898632043089806e-01	1.717903e+00
1.901073449339806e-01	1.633379e+00
1.903514855589806e-01	1.553014e+00
1.905956261839806e-01	1.476603e+00
1.908397668089806e-01	1.403954e+00
1.910839074339806e-01	1.335026e+00
1.913280480589806e-01	1.271673e+00
1.914903595504174e-01	1.239009e+00
1.915702765590140e-01	1.237954e+00
1.916514732478930e-01	1.264421e+00
1.917197497312645e-01	1.314486e+00
1.917960456733919e-01	1.395455e+00
1.918665510980499e-01	1.481643e+00
1.919490235934891e-01	1.586523e+00
1.920497299575603e-01	1.713523e+00
1.922128447073941e-01	1.912826e+00
1.924569853323941e-01	2.196845e+00
1.927011259573941e-01	2.462529e+00
1.929452665823941e-01	2.706870e+00
1.931894072073941e-01	2.928475e+00
1.934335478323941e-01	3.126105e+00
1.936776884573941e-01	3.298680e+00
1.939218290823941e-01	3.445293e+00
1.941659697073941e-01	3.565217e+00
1.944101103323941e-01	3.657922e+00
1.946542509573941e-01	3.723089e+00
1.948983915823941e-01	3.760633e+00
1.951425322073941e-01	3.770731e+00
1.953866728323941e-01	3.753864e+00
1.956308134573941e-01	3.710888e+00
1.958749540823941e-01	3.643152e+00
1.961190947073941e-01	3.552649e+00
1.963632353323941e-01	3.442202e+00
1.966073759573941e-01	3.315669e+00
1.968515165823941e-01	3.177988e+00
1.970956572073941e-01	3.034712e+00
1.973397978323941e-01	2.891023e+00
1.975839384573941e-01	2.750738e+00
1.978280790823941e-01	2.615935e+00
1.980722197073941e-01	2.487342e+00
1.983163603323941e-01	2.364980e+00
1.985605009573941e-01	2.248622e+00
1.988046415823941e-01	2.137986e+00
1.990487822073941e-01	2.032794e+00
1.992929228323941e-01	1.932777e+00
1.995370634573941e-01	1.837682e+00
1.997812040823941e-01	1.747265e+00
2.000253447073941e-01	1.661296e+00
2.002694853323941e-01	1.579558e+00
2.005136259573941e-01	1.501841e+00
2.007577665823941e-01	1.427948e+00
2.010019072073941e-01	1.357723e+00
2.012460478323941e-01	1.290829e+00
2.013696669747975e-01	1.259137e+00
2.014564090660913e-01	1.239848e+00
2.015153529408663e-01	1.231700e+00
2.015786822049244e-01	1.233800e+00
2.016377768133461e-01	1.252191e+00
2.016948972370622e-01	1.290005e+00
2.017587716253974e-01	1.352210e+00
2.018248656265808e-01	1.429655e+00
2.019044076380273e-01	1.529718e+00
2.020034757781526e-01	1.655532e+00
2.021240170948760e-01	1.805380e+00
2.023354996911440e-01	2.057777e+00
2.025796403161440e-01	2.332899e+00
2.028237809411440e-01	2.588043e+00
2.030679215661440e-01	2.821127e+00
2.033120621911440e-01	3.030832e+00
2.035562028161440e-01	3.215999e+00
2.038003434411440e-01	3.375633e+00
2.040444840661440e-01	3.508916e+00
2.042886246911440e-01	3.615219e+00
2.045327653161440e-01	3.694115e+00
2.047769059411440e-01	3.745400e+00
2.050210465661440e-01	3.769115e+00
2.052651871911440e-01	3.765584e+00
2.055093278161440e-01	3.735466e+00
2.057534684411440e-01	3.679843e+00
2.059976090661440e-01	3.600360e+00
2.062417496911440e-01	3.499414e+00
2.064858903161440e-01	3.380336e+00
2.067300309411440e-01	3.247537e+00
2.069741715661440e-01	3.106351e+00
2.072183121911440e-01	2.962287e+00
2.074624528161440e-01	2.819758e+00
2.076749468433993e-01	2.699476e+00
2.079017178776674e-01	2.576260e+00
2.081311102392486e-01	2.457147e+00
2.083752508642486e-01	2.336354e+00
2.086193914892486e-01	2.221403e+00
2.088635321142486e-01	2.112107e+00
2.091076727392486e-01	2.008188e+00
2.093518133642486e-01	1.909382e+00
2.095959539892486e-01	1.815437e+00
2.098400946142486e-01	1.726115e+00
2.100842352392486e-01	1.641187e+00
2.103283758642486e-01	1.560438e+00
2.105725164892486e-01	1.483662e+00
2.108166571142486e-01	1.410664e+00
2.110607977392486e-01	1.341354e+00
2.113049383642486e-01	1.275616e+00
2.114119584829946e-01	1.249762e+00
2.115016738869520e-01	1.233840e+00
2.115625299020880e-01	1.232276e+00
2.116252149095793e-01	1.248630e+00
2.116979439278674e-01	1.294034e+00
2.117608617113397e-01	1.354463e+00
2.118271973108305e-01	1.432536e+00
2.119068835885221e-01	1.532871e+00
2.120060252819094e-01	1.658750e+00
2.121281366786530e-01	1.810411e+00
2.123429415076440e-01	2.066409e+00
2.125870821326440e-01	2.340988e+00
2.128312227576440e-01	2.595481e+00
2.130753633826440e-01	2.827871e+00
2.133195040076440e-01	3.036844e+00
2.135636446326440e-01	3.221247e+00
2.138077852576440e-01	3.380089e+00
2.140519258826440e-01	3.512558e+00
2.142960665076440e-01	3.618030e+00
2.145402071326440e-01	3.696087e+00
2.147843477576440e-01	3.746529e+00
2.150284883826440e-01	3.769407e+00
2.152726290076440e-01	3.765054e+00
2.155167696326440e-01	3.734140e+00
2.157609102576440e-01	3.677762e+00
2.160050508826440e-01	3.597584e+00
2.162491915076440e-01	3.496031e+00
2.164933321326440e-01	3.376464e+00
2.167374727576440e-01	3.243327e+00
2.169816133826440e-01	3.101974e+00
2.172257540076440e-01	2.957903e+00
2.174698946326440e-01	2.815666e+00
2.177140352576440e-01	2.678145e+00
2.179581758826440e-01	2.546620e+00
2.182023165076440e-01	2.421368e+00
2.184464571326440e-01	2.302240e+00
2.186905977576440e-01	2.188967e+00
2.189347383826440e-01	2.081266e+00
2.191788790076440e-01	1.978864e+00
2.194230196326440e-01	1.881501e+00
2.196671602576440e-01	1.788928e+00
2.199113008826440e-01	1.700910e+00
2.201554415076440e-01	1.617223e+00
2.203995821326440e-01	1.537653e+00
2.206437227576440e-01	1.461998e+00
2.208878633826440e-01	1.390069e+00
2.211320040076440e-01	1.321665e+00
2.213299006007717e-01	1.269345e+00
2.214381978824935e-01	1.244033e+00
2.215108659049219e-01	1.232538e+00
2.215713736361467e-01	1.232998e+00
2.216328694546919e-01	1.250793e+00
2.216957408751559e-01	1.291288e+00
2.217590103423289e-01	1.352461e+00
2.218249825106990e-01	1.429812e+00
2.219046364519467e-01	1.530014e+00
2.220037058929397e-01	1.655823e+00
2.221243367205139e-01	1.805774e+00
2.223356517187496e-01	2.057958e+00
2.225797923437496e-01	2.333065e+00
2.228239329687496e-01	2.588195e+00
2.230680735937496e-01	2.821265e+00
2.233122142187496e-01	3.030955e+00
2.235563548437496e-01	3.216106e+00
2.238004954687496e-01	3.375724e+00
2.240446360937496e-01	3.508990e+00
2.242887767187496e-01	3.615276e+00
2.245329173437496e-01	3.694156e+00
2.247770579687496e-01	3.745423e+00
2.250211985937496e-01	3.769121e+00
2.252653392187496e-01	3.765573e+00
2.255094798437496e-01	3.735439e+00
2.257536204687496e-01	3.679800e+00
2.259977610937496e-01	3.600303e+00
2.262419017187496e-01	3.499344e+00
2.264860423437496e-01	3.380257e+00
2.267301829687496e-01	3.247451e+00
2.269743235937496e-01	3.106261e+00
2.272184642187496e-01	2.962197e+00
2.274626048437496e-01	2.819855e+00
2.277067454687496e-01	2.682168e+00
2.279508860937496e-01	2.550457e+00
2.281950267187496e-01	2.425019e+00
2.284391673437496e-01	2.305711e+00
2.286833079687496e-01	2.192267e+00
2.289274485937496e-01	2.084404e+00
2.291715892187496e-01	1.981848e+00
2.294157298437496e-01	1.884338e+00
2.296598704687496e-01	1.791626e+00
2.299040110937496e-01	1.703475e+00
2.301481517187496e-01	1.619661e+00
2.303922923437496e-01	1.539971e+00
2.306364329687496e-01	1.464202e+00
2.308805735937496e-01	1.392164e+00
2.311247142187496e-01	1.323985e+00
2.313688548437496e-01	1.260497e+00
2.314712238810965e-01	1.239075e+00
2.315491922907360e-01	1.233530e+00
2.316206819245375e-01	1.248271e+00
2.316930424684291e-01	1.290051e+00
2.317516830693146e-01	1.344552e+00
2.318188361730688e-01	1.422455e+00
2.318990147239992e-01	1.522886e+00
2.320003207543749e-01	1.651562e+00
2.321140690604705e-01	1.793229e+00
2.323193224184529e-01	2.038930e+00
2.325634630434529e-01	2.315249e+00
2.328076036684529e-01	2.571804e+00
2.330517442934529e-01	2.806392e+00
2.332958849184529e-01	3.017683e+00
2.335400255434529e-01	3.204509e+00
2.337841661684529e-01	3.365862e+00
2.340283067934529e-01	3.500913e+00
2.342724474184529e-01	3.609019e+00
2.345165880434529e-01	3.689740e+00
2.347607286684529e-01	3.742856e+00
2.350048692934529e-01	3.768392e+00
2.352490099184529e-01	3.766649e+00
2.354931505434529e-01	3.738265e+00
2.357372911684529e-01	3.684288e+00
2.359814317934529e-01	3.606323e+00
2.362255724184529e-01	3.506709e+00
2.364697130434529e-01	3.388708e+00
2.367138536684529e-01	3.256660e+00
2.369579942934529e-01	3.115855e+00
2.372021349184529e-01	2.971824e+00
2.374462755434529e-01	2.829254e+00
2.376904161684529e-01	2.691199e+00
2.379345567934529e-01	2.559072e+00
2.381786974184529e-01	2.433216e+00
2.384228380434529e-01	2.313506e+00
2.386669786684529e-01	2.199679e+00
2.389111192934529e-01	2.091451e+00
2.391552599184529e-01	1.988548e+00
2.393994005434529e-01	1.890708e+00
2.396435411684529e-01	1.797683e+00
2.398876817934529e-01	1.709234e+00
2.401318224184529e-01	1.625137e+00
2.403759630434529e-01	1.545177e+00
2.406201036684529e-01	1.469152e+00
2.408642442934529e-01	1.396870e+00
2.411083849184529e-01	1.328376e+00
2.413525255434529e-01	1.264234e+00
2.414587560896837e-01	1.240881e+00
2.415367846201330e-01	1.232986e+00
2.416083039355839e-01	1.243184e+00
2.416755686321702e-01	1.275888e+00
2.417291383076972e-01	1.321184e+00
2.417973063043850e-01	1.396935e+00
2.418906388198708e-01	1.512313e+00
2.419958169413196e-01	1.645808e+00
2.421007262353325e-01	1.776954e+00
2.422836041025981e-01	1.997177e+00
2.425277447275981e-01	2.275960e+00
2.427718853525981e-01	2.535607e+00
2.430160259775981e-01	2.773496e+00
2.432601666025981e-01	2.988273e+00
2.435043072275981e-01	3.178745e+00
2.437484478525981e-01	3.343881e+00
2.439925884775981e-01	3.482824e+00
2.442367291025981e-01	3.594905e+00
2.444808697275981e-01	3.679652e+00
2.447250103525981e-01	3.736811e+00
2.449691509775981e-01	3.766370e+00
2.452132916025981e-01	3.768587e+00
2.454574322275981e-01	3.744046e+00
2.457015728525981e-01	3.693729e+00
2.459457134775981e-01	3.619150e+00
2.461898541025981e-01	3.522528e+00
2.464339947275981e-01	3.406973e+00
2.466781353525981e-01	3.276664e+00
2.469222759775981e-01	3.136787e+00
2.471664166025981e-01	2.992903e+00
2.474105572275981e-01	2.849886e+00
2.476546978525981e-01	2.711048e+00
2.478988384775981e-01	2.578014e+00
2.481429791025981e-01	2.451241e+00
2.483871197275981e-01	2.330648e+00
2.486312603525981e-01	2.215977e+00
2.488754009775981e-01	2.106948e+00
2.491195416025981e-01	2.003283e+00
2.493636822275981e-01	1.904718e+00
2.496078228525981e-01	1.811003e+00
2.498519634775981e-01	1.721474e+00
2.500000000000000e-01	1.668963e+00
