time	V(N003,N002)
0.000000000000000e+00	0.000000e+00
9.999999717180685e-10	0.000000e+00
1.999999943436137e-09	0.000000e+00
1.640176644837418e-05	-5.625949e-09
3.280153289680492e-05	-3.345159e-09
4.920129934523566e-05	6.842370e-09
6.560106579366640e-05	2.493664e-08
8.200083224209714e-05	5.093764e-08
9.840059869052788e-05	8.484539e-08
1.148003651389586e-04	1.266599e-07
1.435297996336501e-04	2.682209e-07
1.760023819923561e-04	5.662441e-07
2.116283573154069e-04	1.221895e-06
2.496488766129228e-04	2.577901e-06
2.894395161381817e-04	5.424023e-06
3.304358161267448e-04	1.138449e-05
3.722599486931803e-04	2.390146e-05
4.146210768076804e-04	5.012751e-05
4.573541773373847e-04	1.051724e-04
5.003462361918682e-04	2.206564e-04
5.435542170952594e-04	4.629493e-04
5.869708185992729e-04	9.705126e-04
6.306525847792965e-04	2.031267e-03
6.747396356298509e-04	4.237473e-03
7.195526344493743e-04	8.785367e-03
7.657855240946276e-04	1.801866e-02
8.149245502775399e-04	3.636509e-02
8.707153307844918e-04	7.176554e-02
9.351823977250169e-04	1.321545e-01
1.002460114986190e-03	2.129364e-01
1.083756914554820e-03	3.239360e-01
1.179366457069635e-03	4.606435e-01
1.290076293438051e-03	6.197315e-01
1.440699964127408e-03	8.326705e-01
1.684840589127408e-03	1.168169e+00
1.928981214127408e-03	1.490668e+00
2.173121839127408e-03	1.797127e+00
2.417262464127408e-03	2.085742e+00
2.661403089127408e-03	2.354835e+00
2.905543714127408e-03	2.602853e+00
3.149684339127408e-03	2.828382e+00
3.393824964127408e-03	3.030158e+00
3.637965589127408e-03	3.207075e+00
3.882106214127408e-03	3.358195e+00
4.126246839127408e-03	3.482763e+00
4.370387464127408e-03	3.580218e+00
4.614528089127408e-03	3.650206e+00
4.858668714127408e-03	3.692605e+00
5.102809339127408e-03	3.707553e+00
5.346949964127408e-03	3.695488e+00
5.591090589127408e-03	3.657214e+00
5.835231214127408e-03	3.594016e+00
6.079371839127408e-03	3.507811e+00
6.323512464127408e-03	3.401326e+00
6.567653089127408e-03	3.278317e+00
6.811793714127408e-03	3.143638e+00
7.055934339127408e-03	3.002819e+00
7.300074964127408e-03	2.860966e+00
7.512403792900055e-03	2.739764e+00
7.694781200988232e-03	2.638822e+00
7.877697870565997e-03	2.541324e+00
8.106746117193430e-03	2.424252e+00
8.350886742193430e-03	2.305079e+00
8.595027367193430e-03	2.191667e+00
8.839167992193430e-03	2.083834e+00
9.083308617193430e-03	1.981306e+00
9.327449242193430e-03	1.883823e+00
9.571589867193430e-03	1.791136e+00
9.815730492193430e-03	1.703010e+00
1.005987111719343e-02	1.619219e+00
1.030401174219343e-02	1.539551e+00
1.054815236719343e-02	1.463803e+00
1.079229299219343e-02	1.391782e+00
1.103643361719343e-02	1.323344e+00
1.128057424219343e-02	1.258356e+00
1.141719272699469e-02	1.224636e+00
1.149408919897823e-02	1.208781e+00
1.155078414270127e-02	1.202371e+00
1.161016075998021e-02	1.206451e+00
1.167067345335075e-02	1.227412e+00
1.172584489044567e-02	1.265558e+00
1.179716777125027e-02	1.336315e+00
1.186539847021402e-02	1.416402e+00
1.194684219578720e-02	1.518416e+00
1.204774130942815e-02	1.645390e+00
1.217954164239196e-02	1.807192e+00
1.240573156571661e-02	2.072889e+00
1.264987219071661e-02	2.342588e+00
1.289401281571661e-02	2.591634e+00
1.313815344071661e-02	2.818255e+00
1.338229406571661e-02	3.021180e+00
1.362643469071661e-02	3.199293e+00
1.387057531571661e-02	3.351650e+00
1.411471594071661e-02	3.477487e+00
1.435885656571661e-02	3.576231e+00
1.460299719071661e-02	3.647521e+00
1.484713781571661e-02	3.691223e+00
1.509127844071661e-02	3.707460e+00
1.533541906571661e-02	3.696655e+00
1.557955969071661e-02	3.659595e+00
1.582370031571661e-02	3.597538e+00
1.606784094071661e-02	3.512366e+00
1.631198156571661e-02	3.406763e+00
1.655612219071661e-02	3.284432e+00
1.680026281571661e-02	3.150182e+00
1.704440344071661e-02	3.009527e+00
1.728854406571661e-02	2.867764e+00
1.753268469071661e-02	2.728922e+00
1.777682531571661e-02	2.595294e+00
1.802096594071661e-02	2.467742e+00
1.826510656571661e-02	2.346350e+00
1.850924719071661e-02	2.230909e+00
1.875338781571661e-02	2.121145e+00
1.899752844071661e-02	2.016782e+00
1.924166906571661e-02	1.917553e+00
1.948580969071661e-02	1.823207e+00
1.972995031571661e-02	1.733502e+00
1.997409094071661e-02	1.648211e+00
2.021823156571661e-02	1.567117e+00
2.046237219071661e-02	1.490012e+00
2.070651281571661e-02	1.416702e+00
2.095065344071661e-02	1.347006e+00
2.119479406571661e-02	1.280459e+00
2.132860856768789e-02	1.245677e+00
2.142329434628876e-02	1.222672e+00
2.148343279224652e-02	1.210006e+00
2.153558570576616e-02	1.202674e+00
2.159007855103259e-02	1.202571e+00
2.164581509463566e-02	1.216475e+00
2.171272523687216e-02	1.255429e+00
2.177470330133551e-02	1.311553e+00
2.184037156939781e-02	1.386092e+00
2.192405587975219e-02	1.489704e+00
2.202730248512529e-02	1.619796e+00
2.214188726787646e-02	1.761640e+00
2.233680306502071e-02	1.993642e+00
2.258094369002071e-02	2.268410e+00
2.282508431502071e-02	2.523533e+00
2.306922494002071e-02	2.756622e+00
2.331336556502071e-02	2.966356e+00
2.355750619002071e-02	3.151578e+00
2.380164681502071e-02	3.311292e+00
2.404578744002071e-02	3.444683e+00
2.428992806502071e-02	3.551122e+00
2.453406869002071e-02	3.630187e+00
2.477820931502071e-02	3.681677e+00
2.502234994002071e-02	3.705640e+00
2.526649056502071e-02	3.702407e+00
2.551063119002071e-02	3.672656e+00
2.575477181502071e-02	3.617490e+00
2.599891244002071e-02	3.538592e+00
2.624305306502071e-02	3.438418e+00
2.648719369002071e-02	3.320377e+00
2.673133431502071e-02	3.188961e+00
2.697547494002071e-02	3.049551e+00
2.721961556502071e-02	2.907624e+00
2.746375619002071e-02	2.767651e+00
2.770789681502071e-02	2.632334e+00
2.793957350018474e-02	2.509487e+00
2.818371412518474e-02	2.386137e+00
2.842785475018474e-02	2.268742e+00
2.867199537518474e-02	2.157117e+00
2.891613600018474e-02	2.050984e+00
2.916027662518474e-02	1.950073e+00
2.940441725018474e-02	1.854126e+00
2.964855787518474e-02	1.762900e+00
2.989269850018474e-02	1.676163e+00
3.013683912518474e-02	1.593693e+00
3.038097975018474e-02	1.515281e+00
3.062512037518474e-02	1.440727e+00
3.086926100018474e-02	1.369843e+00
3.111340162518474e-02	1.302611e+00
3.135754225018474e-02	1.240161e+00
3.149748411032949e-02	1.210801e+00
3.157256408043695e-02	1.205471e+00
3.164708122167365e-02	1.220824e+00
3.171986589767048e-02	1.262311e+00
3.177998253537533e-02	1.317513e+00
3.184807943780396e-02	1.395591e+00
3.193094742846131e-02	1.498418e+00
3.203495459255412e-02	1.629417e+00
3.215115459600838e-02	1.772923e+00
3.235552347549347e-02	2.015301e+00
3.259966410049347e-02	2.288720e+00
3.284380472549347e-02	2.542204e+00
3.308794535049347e-02	2.773547e+00
3.333208597549347e-02	2.981440e+00
3.357622660049347e-02	3.164739e+00
3.382036722549347e-02	3.322461e+00
3.406450785049347e-02	3.453805e+00
3.430864847549347e-02	3.558158e+00
3.455278910049347e-02	3.635113e+00
3.479692972549347e-02	3.684487e+00
3.504107035049347e-02	3.706348e+00
3.528521097549347e-02	3.701054e+00
3.552935160049347e-02	3.669308e+00
3.577349222549347e-02	3.612253e+00
3.601763285049347e-02	3.531624e+00
3.626177347549347e-02	3.429944e+00
3.650591410049347e-02	3.310705e+00
3.675005472549347e-02	3.178479e+00
3.699419535049347e-02	3.038690e+00
3.723833597549347e-02	2.896773e+00
3.748247660049347e-02	2.757088e+00
3.772661722549347e-02	2.622280e+00
3.797075785049347e-02	2.493456e+00
3.821489847549347e-02	2.370809e+00
3.845903910049347e-02	2.254167e+00
3.870317972549347e-02	2.143259e+00
3.894732035049347e-02	2.037808e+00
3.919146097549347e-02	1.937545e+00
3.943560160049347e-02	1.842214e+00
3.967974222549347e-02	1.751575e+00
3.992388285049347e-02	1.665395e+00
4.016802347549347e-02	1.583455e+00
4.041216410049347e-02	1.505546e+00
4.065630472549347e-02	1.431471e+00
4.090044535049347e-02	1.361044e+00
4.114458597549347e-02	1.294375e+00
4.138872660049347e-02	1.232248e+00
4.149264653191440e-02	1.210585e+00
4.156652052913529e-02	1.204244e+00
4.163511500025838e-02	1.215104e+00
4.170336258409053e-02	1.248842e+00
4.175842472548832e-02	1.295213e+00
4.182669650100630e-02	1.370472e+00
4.192517709543714e-02	1.491218e+00
4.203030622732599e-02	1.623510e+00
4.214096155901393e-02	1.760648e+00
4.232168301459791e-02	1.976187e+00
4.256582363959791e-02	2.251918e+00
4.280996426459791e-02	2.508358e+00
4.305410488959791e-02	2.742852e+00
4.329824551459791e-02	2.954068e+00
4.354238613959791e-02	3.140838e+00
4.378652676459791e-02	3.302158e+00
4.403066738959791e-02	3.437199e+00
4.427480801459791e-02	3.545322e+00
4.451894863959791e-02	3.626091e+00
4.476308926459791e-02	3.679290e+00
4.500722988959791e-02	3.704951e+00
4.525137051459791e-02	3.703387e+00
4.549551113959791e-02	3.675251e+00
4.573965176459791e-02	3.621616e+00
4.598379238959791e-02	3.544127e+00
4.622793301459791e-02	3.445185e+00
4.647207363959791e-02	3.328131e+00
4.671621426459791e-02	3.197392e+00
4.696035488959791e-02	3.058314e+00
4.720449551459791e-02	2.916397e+00
4.744863613959791e-02	2.776203e+00
4.769277676459791e-02	2.640624e+00
4.793691738959791e-02	2.510945e+00
4.818105801459791e-02	2.387448e+00
4.842519863959791e-02	2.269989e+00
4.866933926459791e-02	2.158303e+00
4.891347988959791e-02	2.052111e+00
4.915762051459791e-02	1.951144e+00
4.940176113959791e-02	1.855145e+00
4.964590176459791e-02	1.763869e+00
4.989004238959791e-02	1.677084e+00
5.013418301459791e-02	1.594569e+00
5.037832363959791e-02	1.516114e+00
5.062246426459791e-02	1.441519e+00
5.086660488959791e-02	1.370595e+00
5.111074551459791e-02	1.303319e+00
5.135488613959791e-02	1.239802e+00
5.145671979482036e-02	1.216445e+00
5.153434876454933e-02	1.204244e+00
5.159354392745127e-02	1.204188e+00
5.165371892928884e-02	1.220512e+00
5.171927943478798e-02	1.260861e+00
5.178287309991298e-02	1.320423e+00
5.184935304773765e-02	1.396938e+00
5.193193204992873e-02	1.499631e+00
5.203404964006764e-02	1.628268e+00
5.215370552806875e-02	1.776007e+00
5.235791555155517e-02	2.018087e+00
5.260205617655517e-02	2.291306e+00
5.284619680155517e-02	2.544580e+00
5.309033742655517e-02	2.775699e+00
5.333447805155517e-02	2.983357e+00
5.357861867655517e-02	3.166410e+00
5.382275930155517e-02	3.323877e+00
5.406689992655517e-02	3.454959e+00
5.431104055155517e-02	3.559045e+00
5.455518117655517e-02	3.635731e+00
5.479932180155517e-02	3.684834e+00
5.504346242655517e-02	3.706427e+00
5.528760305155517e-02	3.700870e+00
5.553174367655517e-02	3.668869e+00
5.577588430155517e-02	3.611574e+00
5.602002492655517e-02	3.530725e+00
5.626416555155517e-02	3.428854e+00
5.650830617655517e-02	3.309463e+00
5.675244680155517e-02	3.177136e+00
5.699658742655517e-02	3.037301e+00
5.724072805155517e-02	2.895283e+00
5.745963211943913e-02	2.769434e+00
5.762660592381691e-02	2.676083e+00
5.782051559242279e-02	2.571360e+00
5.801466898373456e-02	2.470560e+00
5.825880960873456e-02	2.349336e+00
5.850295023373456e-02	2.233748e+00
5.874709085873456e-02	2.123845e+00
5.899123148373456e-02	2.019349e+00
5.923537210873456e-02	1.919994e+00
5.947951273373456e-02	1.825527e+00
5.972365335873456e-02	1.735709e+00
5.996779398373456e-02	1.650309e+00
6.021193460873456e-02	1.569111e+00
6.045607523373456e-02	1.491909e+00
6.070021585873456e-02	1.418505e+00
6.094435648373456e-02	1.348719e+00
6.118849710873456e-02	1.283016e+00
6.143263773373456e-02	1.223408e+00
6.153044375635004e-02	1.207039e+00
6.160502374789363e-02	1.208889e+00
6.167534433461534e-02	1.232444e+00
6.173585406387050e-02	1.275425e+00
6.181008749688743e-02	1.351197e+00
6.188026111835192e-02	1.434813e+00
6.196250734914260e-02	1.538186e+00
6.206384282533085e-02	1.665400e+00
6.221008552501153e-02	1.843802e+00
6.245422615001153e-02	2.127779e+00
6.269836677501153e-02	2.393775e+00
6.294250740001153e-02	2.638476e+00
6.318664802501153e-02	2.860487e+00
6.343078865001153e-02	3.058566e+00
6.367492927501153e-02	3.231633e+00
6.391906990001153e-02	3.378777e+00
6.416321052501153e-02	3.499272e+00
6.440735115001153e-02	3.592584e+00
6.465149177501153e-02	3.658397e+00
6.489563240001153e-02	3.696625e+00
6.513977302501153e-02	3.707446e+00
6.538391365001153e-02	3.691351e+00
6.562805427501153e-02	3.649207e+00
6.587219490001153e-02	3.582382e+00
6.611633552501153e-02	3.492905e+00
6.636047615001153e-02	3.383650e+00
6.660461677501153e-02	3.258540e+00
6.684875740001153e-02	3.122571e+00
6.709289802501153e-02	2.981303e+00
6.733703865001153e-02	2.839853e+00
6.758117927501153e-02	2.701898e+00
6.782209012382068e-02	2.571154e+00
6.806623074882068e-02	2.444772e+00
6.831037137382068e-02	2.324503e+00
6.855451199882068e-02	2.210136e+00
6.879865262382068e-02	2.101394e+00
6.904279324882068e-02	1.998002e+00
6.928693387382068e-02	1.899698e+00
6.953107449882068e-02	1.806230e+00
6.977521512382068e-02	1.717361e+00
7.001935574882068e-02	1.632864e+00
7.026349637382068e-02	1.552525e+00
7.050763699882068e-02	1.476138e+00
7.075177762382068e-02	1.403510e+00
7.099591824882068e-02	1.334474e+00
7.124005887382068e-02	1.268795e+00
7.139055136298353e-02	1.230755e+00
7.147236085896740e-02	1.212612e+00
7.153175945065091e-02	1.203743e+00
7.159237661527788e-02	1.203475e+00
7.164858628070724e-02	1.217878e+00
7.171556790659515e-02	1.257825e+00
7.177811882537699e-02	1.315240e+00
7.184409190091563e-02	1.390574e+00
7.192723475024854e-02	1.493710e+00
7.202992290890436e-02	1.623089e+00
7.214652608633804e-02	1.767286e+00
7.234505858849732e-02	2.003219e+00
7.258919921349732e-02	2.277381e+00
7.283333983849732e-02	2.531783e+00
7.307748046349732e-02	2.764102e+00
7.332162108849732e-02	2.973026e+00
7.356576171349732e-02	3.157400e+00
7.380990233849732e-02	3.316237e+00
7.405404296349732e-02	3.448725e+00
7.429818358849732e-02	3.554245e+00
7.454232421349732e-02	3.632379e+00
7.478646483849732e-02	3.682936e+00
7.503060546349732e-02	3.705972e+00
7.527474608849732e-02	3.701830e+00
7.551888671349732e-02	3.671198e+00
7.576302733849732e-02	3.615198e+00
7.600716796349732e-02	3.535535e+00
7.625130858849732e-02	3.434694e+00
7.649544921349732e-02	3.316121e+00
7.673958983849732e-02	3.184344e+00
7.698373046349732e-02	3.044763e+00
7.722787108849732e-02	2.902837e+00
7.747201171349732e-02	2.762954e+00
7.771028431956956e-02	2.630911e+00
7.792723400632308e-02	2.515791e+00
7.817137463132308e-02	2.392225e+00
7.841551525632308e-02	2.274532e+00
7.865965588132308e-02	2.162622e+00
7.890379650632308e-02	2.056218e+00
7.914793713132308e-02	1.955049e+00
7.939207775632308e-02	1.858858e+00
7.963621838132308e-02	1.767399e+00
7.988035900632308e-02	1.680440e+00
8.012449963132308e-02	1.597760e+00
8.036864025632308e-02	1.519148e+00
8.061278088132308e-02	1.444404e+00
8.085692150632308e-02	1.373338e+00
8.110106213132308e-02	1.305901e+00
8.134520275632308e-02	1.242898e+00
8.148489637469838e-02	1.212339e+00
8.155984046229402e-02	1.204863e+00
8.163418304079791e-02	1.215448e+00
8.170164644840272e-02	1.247713e+00
8.175612272360608e-02	1.293078e+00
8.182512184495566e-02	1.368677e+00
8.192002450604868e-02	1.484744e+00
8.202998511610132e-02	1.623117e+00
8.213593329268627e-02	1.754477e+00
8.232016450301766e-02	1.974334e+00
8.256430512801766e-02	2.250257e+00
8.280844575301766e-02	2.506830e+00
8.305258637801766e-02	2.741464e+00
8.329672700301766e-02	2.952829e+00
8.354086762801766e-02	3.139754e+00
8.378500825301766e-02	3.301235e+00
8.402914887801766e-02	3.436442e+00
8.427328950301766e-02	3.544734e+00
8.451743012801766e-02	3.625674e+00
8.476157075301766e-02	3.679044e+00
8.500571137801766e-02	3.704875e+00
8.524985200301766e-02	3.703480e+00
8.549399262801766e-02	3.675506e+00
8.573813325301766e-02	3.622025e+00
8.598227387801766e-02	3.544679e+00
8.622641450301766e-02	3.445860e+00
8.647055512801766e-02	3.328906e+00
8.671469575301766e-02	3.198237e+00
8.695883637801766e-02	3.059193e+00
8.720297700301766e-02	2.917278e+00
8.744711762801766e-02	2.777063e+00
8.769125825301766e-02	2.641449e+00
8.793539887801766e-02	2.511732e+00
8.817953950301766e-02	2.388197e+00
8.842368012801766e-02	2.270701e+00
8.866782075301766e-02	2.158980e+00
8.891196137801766e-02	2.052755e+00
8.915610200301766e-02	1.951757e+00
8.940024262801766e-02	1.855727e+00
8.964438325301766e-02	1.764423e+00
8.988852387801766e-02	1.677611e+00
9.013266450301766e-02	1.595070e+00
9.037680512801766e-02	1.516590e+00
9.062094575301766e-02	1.441971e+00
9.086508637801766e-02	1.371026e+00
9.110922700301766e-02	1.303724e+00
9.135336762801766e-02	1.240163e+00
9.145549319147697e-02	1.216606e+00
9.153102752351200e-02	1.204390e+00
9.158955521398589e-02	1.203616e+00
9.164904798050173e-02	1.218838e+00
9.171863292802565e-02	1.260647e+00
9.178175643637636e-02	1.319185e+00
9.184820802255035e-02	1.395551e+00
9.193089201516655e-02	1.498318e+00
9.203318597391885e-02	1.627185e+00
9.215207735616815e-02	1.774030e+00
9.235516541414882e-02	2.014910e+00
9.259930603914882e-02	2.288332e+00
9.284344666414882e-02	2.541848e+00
9.308758728914882e-02	2.773224e+00
9.333172791414882e-02	2.981153e+00
9.357586853914882e-02	3.164488e+00
9.382000916414882e-02	3.322249e+00
9.406414978914882e-02	3.453632e+00
9.430829041414882e-02	3.558025e+00
9.455243103914882e-02	3.635020e+00
9.479657166414882e-02	3.684435e+00
9.504071228914882e-02	3.706336e+00
9.528485291414882e-02	3.701081e+00
9.552899353914882e-02	3.669373e+00
9.577313416414882e-02	3.612355e+00
9.601727478914882e-02	3.531759e+00
9.626141541414882e-02	3.430107e+00
9.650555603914882e-02	3.310890e+00
9.674969666414882e-02	3.178680e+00
9.699383728914882e-02	3.038898e+00
9.723797791414882e-02	2.896981e+00
9.748211853914882e-02	2.757289e+00
9.772625916414882e-02	2.622473e+00
9.797039978914882e-02	2.493640e+00
9.821454041414882e-02	2.370985e+00
9.845868103914882e-02	2.254334e+00
9.870282166414882e-02	2.143418e+00
9.894696228914882e-02	2.037959e+00
9.919110291414882e-02	1.937688e+00
9.943524353914882e-02	1.842351e+00
9.967938416414882e-02	1.751705e+00
9.992352478914882e-02	1.665518e+00
1.001676654141488e-01	1.583572e+00
1.004118060391488e-01	1.505658e+00
1.006559466641488e-01	1.431577e+00
1.009000872891488e-01	1.361145e+00
1.011442279141488e-01	1.294468e+00
1.013883685391488e-01	1.233030e+00
1.015122524427441e-01	1.208726e+00
1.015841720458572e-01	1.205979e+00
1.016569636979327e-01	1.225438e+00
1.017364540832122e-01	1.277083e+00
1.018031513710379e-01	1.342918e+00
1.018725687647971e-01	1.425343e+00
1.019554157999672e-01	1.529270e+00
1.020577471275254e-01	1.657885e+00
1.021940036478562e-01	1.824588e+00
1.024315126962912e-01	2.102133e+00
1.026756533212912e-01	2.369905e+00
1.029197939462912e-01	2.616648e+00
1.031639345712912e-01	2.840824e+00
1.034080751962912e-01	3.041178e+00
1.036522158212912e-01	3.216613e+00
1.038963564462912e-01	3.366202e+00
1.041404970712912e-01	3.489201e+00
1.043846376962912e-01	3.585060e+00
1.046287783212912e-01	3.653439e+00
1.048729189462912e-01	3.694230e+00
1.051170595712912e-01	3.707585e+00
1.053612001962912e-01	3.693964e+00
1.056053408212912e-01	3.654194e+00
1.058494814462912e-01	3.589594e+00
1.060936220712912e-01	3.502120e+00
1.063377626962912e-01	3.394556e+00
1.065819033212912e-01	3.270724e+00
1.068260439462912e-01	3.135532e+00
1.070701845712912e-01	2.994525e+00
1.073143251962912e-01	2.852909e+00
1.075584658212912e-01	2.714539e+00
1.078026064462912e-01	2.581531e+00
1.080467470712912e-01	2.454634e+00
1.082908876962912e-01	2.333882e+00
1.085350283212912e-01	2.219054e+00
1.087791689462912e-01	2.109874e+00
1.090233095712912e-01	2.006065e+00
1.092674501962912e-01	1.907363e+00
1.095115908212912e-01	1.813518e+00
1.097557314462912e-01	1.724290e+00
1.102440126962912e-01	1.558789e+00
1.104881533212912e-01	1.482095e+00
1.107322939462912e-01	1.409173e+00
1.109764345712912e-01	1.339853e+00
1.112205751962912e-01	1.274081e+00
1.114022882977952e-01	1.228366e+00
1.114860936438582e-01	1.210569e+00
1.115500466498645e-01	1.203021e+00
1.116121761091188e-01	1.207305e+00
1.116730957890005e-01	1.228911e+00
1.117281809091122e-01	1.267599e+00
1.117992899481602e-01	1.338736e+00
1.118686375089059e-01	1.420422e+00
1.119501659127144e-01	1.522616e+00
1.120516638475009e-01	1.650292e+00
1.121849803518205e-01	1.813728e+00
1.124170829472037e-01	2.085774e+00
1.126612235722037e-01	2.354645e+00
1.129053641972037e-01	2.602679e+00
1.131495048222037e-01	2.828225e+00
1.133936454472037e-01	3.030019e+00
1.136377860722037e-01	3.206954e+00
1.138819266972037e-01	3.358094e+00
1.141260673222037e-01	3.482682e+00
1.143702079472037e-01	3.580157e+00
1.146143485722037e-01	3.650165e+00
1.148584891972037e-01	3.692585e+00
1.151026298222037e-01	3.707553e+00
1.153467704472037e-01	3.695507e+00
1.155909110722037e-01	3.657251e+00
1.158350516972037e-01	3.594072e+00
1.160791923222037e-01	3.507882e+00
1.163233329472037e-01	3.401411e+00
1.165674735722037e-01	3.278413e+00
1.168116141972037e-01	3.143740e+00
1.170557548222037e-01	3.002923e+00
1.172998954472037e-01	2.861219e+00
1.175440360722037e-01	2.722582e+00
1.177881766972037e-01	2.589226e+00
1.180323173222037e-01	2.461962e+00
1.182764579472037e-01	2.340852e+00
1.185205985722037e-01	2.225682e+00
1.187647391972037e-01	2.116175e+00
1.190088798222037e-01	2.012056e+00
1.192530204472037e-01	1.913060e+00
1.194971610722037e-01	1.818935e+00
1.197413016972037e-01	1.729440e+00
1.199854423222037e-01	1.644349e+00
1.202295829472037e-01	1.563445e+00
1.204737235722037e-01	1.486521e+00
1.207178641972037e-01	1.413382e+00
1.209620048222037e-01	1.343851e+00
1.212061454472037e-01	1.277627e+00
1.213646670076329e-01	1.237179e+00
1.214698646757631e-01	1.213524e+00
1.215346374101897e-01	1.204001e+00
1.215988739322671e-01	1.204876e+00
1.216572672970263e-01	1.221466e+00
1.217189818284170e-01	1.260244e+00
1.217828635569129e-01	1.320416e+00
1.218493574721666e-01	1.396936e+00
1.219319010331159e-01	1.499589e+00
1.220339927239074e-01	1.628196e+00
1.221536979893412e-01	1.775996e+00
1.223579654070839e-01	2.018144e+00
1.226021060320839e-01	2.291360e+00
1.228462466570839e-01	2.544630e+00
1.230903872820839e-01	2.775744e+00
1.233345279070839e-01	2.983397e+00
1.235786685320839e-01	3.166444e+00
1.238228091570839e-01	3.323907e+00
1.240669497820839e-01	3.454984e+00
1.243110904070839e-01	3.559064e+00
1.245552310320839e-01	3.635743e+00
1.247993716570839e-01	3.684841e+00
1.250435122820839e-01	3.706429e+00
1.252876529070839e-01	3.700866e+00
1.255317935320839e-01	3.668860e+00
1.257759341570839e-01	3.611560e+00
1.260200747820839e-01	3.530707e+00
1.262642154070839e-01	3.428831e+00
1.265083560320839e-01	3.309437e+00
1.267524966570839e-01	3.177109e+00
1.269966372820839e-01	3.037272e+00
1.272407779070839e-01	2.895359e+00
1.274849185320839e-01	2.755712e+00
1.277290591570839e-01	2.620960e+00
1.279731997820839e-01	2.492198e+00
1.282173404070839e-01	2.369613e+00
1.284614810320839e-01	2.253030e+00
1.287056216570839e-01	2.142178e+00
1.289497622820839e-01	2.036779e+00
1.291939029070839e-01	1.936567e+00
1.294380435320839e-01	1.841285e+00
1.296821841570839e-01	1.750691e+00
1.299263247820839e-01	1.664554e+00
1.301704654070839e-01	1.582656e+00
1.304146060320839e-01	1.504787e+00
1.306587466570839e-01	1.430749e+00
1.309028872820839e-01	1.360357e+00
1.311470279070839e-01	1.293735e+00
1.313911685320839e-01	1.231459e+00
1.314856691272122e-01	1.211449e+00
1.315602116021770e-01	1.204146e+00
1.316296462756410e-01	1.213104e+00
1.316949897141063e-01	1.242738e+00
1.317491329191943e-01	1.286261e+00
1.318178730487926e-01	1.360113e+00
1.319043630534333e-01	1.465060e+00
1.319995902348999e-01	1.584924e+00
1.321057979332458e-01	1.717429e+00
1.322687710200636e-01	1.913931e+00
1.325129116450636e-01	2.193585e+00
1.327570522700636e-01	2.454595e+00
1.330011928950636e-01	2.693964e+00
1.332453335200636e-01	2.910329e+00
1.334894741450636e-01	3.102488e+00
1.337336147700636e-01	3.269400e+00
1.339777553950636e-01	3.410198e+00
1.342218960200636e-01	3.524199e+00
1.344660366450636e-01	3.610923e+00
1.347101772700636e-01	3.670103e+00
1.349543178950636e-01	3.701715e+00
1.351984585200636e-01	3.706009e+00
1.354425991450636e-01	3.683557e+00
1.356867397700636e-01	3.635332e+00
1.359308803950636e-01	3.562843e+00
1.361750210200636e-01	3.468308e+00
1.364191616450636e-01	3.354842e+00
1.366633022700636e-01	3.226635e+00
1.369074428950636e-01	3.088884e+00
1.371515835200636e-01	2.947146e+00
1.373957241450636e-01	2.806271e+00
1.376398647700636e-01	2.669534e+00
1.378840053950636e-01	2.538529e+00
1.381281460200636e-01	2.413696e+00
1.383722866450636e-01	2.294949e+00
1.386164272700636e-01	2.182035e+00
1.388605678950636e-01	2.074676e+00
1.391047085200636e-01	1.972599e+00
1.393488491450636e-01	1.875544e+00
1.395929897700636e-01	1.783265e+00
1.398371303950636e-01	1.695525e+00
1.400812710200636e-01	1.612103e+00
1.403254116450636e-01	1.532785e+00
1.405695522700636e-01	1.457370e+00
1.408136928950636e-01	1.385666e+00
1.410578335200636e-01	1.317548e+00
1.413019741450636e-01	1.252854e+00
1.414221376937795e-01	1.223693e+00
1.415081221126586e-01	1.206992e+00
1.415659403402271e-01	1.202327e+00
1.416259813142890e-01	1.210885e+00
1.416930171480410e-01	1.241129e+00
1.417468504930514e-01	1.283853e+00
1.418153076624095e-01	1.357020e+00
1.418996875044716e-01	1.459170e+00
1.419921195488404e-01	1.575505e+00
1.420982123220640e-01	1.708058e+00
1.422566408737233e-01	1.899543e+00
1.425007814987233e-01	2.180078e+00
1.427449221237233e-01	2.442125e+00
1.429890627487233e-01	2.682603e+00
1.432332033737233e-01	2.900141e+00
1.434773439987233e-01	3.093529e+00
1.437214846237233e-01	3.261717e+00
1.439656252487233e-01	3.403830e+00
1.442097658737233e-01	3.519176e+00
1.444539064987233e-01	3.607263e+00
1.446980471237233e-01	3.667814e+00
1.449421877487233e-01	3.700793e+00
1.451863283737233e-01	3.706434e+00
1.454304689987233e-01	3.685291e+00
1.456746096237233e-01	3.638316e+00
1.459187502487233e-01	3.566988e+00
1.461628908737233e-01	3.473484e+00
1.464070314987233e-01	3.360869e+00
1.466511721237233e-01	3.233278e+00
1.468953127487233e-01	3.095868e+00
1.471394533737233e-01	2.954203e+00
1.473835939987233e-01	2.813193e+00
1.476277346237233e-01	2.676194e+00
1.478707092295585e-01	2.545498e+00
1.481148498545585e-01	2.420336e+00
1.483589904795585e-01	2.301264e+00
1.486031311045585e-01	2.188040e+00
1.488472717295585e-01	2.080385e+00
1.490914123545585e-01	1.978027e+00
1.493355529795585e-01	1.880705e+00
1.495796936045585e-01	1.788172e+00
1.498238342295585e-01	1.700191e+00
1.500679748545585e-01	1.616539e+00
1.503121154795585e-01	1.537003e+00
1.505562561045585e-01	1.461380e+00
1.508003967295585e-01	1.389478e+00
1.510445373545585e-01	1.321160e+00
1.512886779795585e-01	1.257025e+00
1.514645633170347e-01	1.216180e+00
1.515429257487496e-01	1.204817e+00
1.516088158739239e-01	1.208083e+00
1.516745231361892e-01	1.230682e+00
1.517299052275642e-01	1.269559e+00
1.518032455451013e-01	1.343370e+00
1.518722746345370e-01	1.424920e+00
1.519537917725494e-01	1.527210e+00
1.520547804373581e-01	1.654179e+00
1.521916094033215e-01	1.821689e+00
1.524274763875649e-01	2.097566e+00
1.526716170125649e-01	2.365644e+00
1.529157576375649e-01	2.612748e+00
1.531598982625649e-01	2.837308e+00
1.534040388875649e-01	3.038065e+00
1.536481795125649e-01	3.213920e+00
1.538923201375649e-01	3.363944e+00
1.541364607625649e-01	3.487387e+00
1.543806013875649e-01	3.583698e+00
1.546247420125649e-01	3.652533e+00
1.548688826375649e-01	3.693779e+00
1.551130232625649e-01	3.707586e+00
1.553571638875649e-01	3.694405e+00
1.556013045125649e-01	3.655059e+00
1.558454451375649e-01	3.590854e+00
1.560895857625649e-01	3.503739e+00
1.563337263875649e-01	3.396479e+00
1.565778670125649e-01	3.272879e+00
1.568220076375649e-01	3.137830e+00
1.570661482625649e-01	2.996874e+00
1.573102888875649e-01	2.855232e+00
1.575544295125649e-01	2.716787e+00
1.577985701375649e-01	2.583681e+00
1.580427107625649e-01	2.456682e+00
1.582868513875649e-01	2.335829e+00
1.585309920125649e-01	2.220906e+00
1.587751326375649e-01	2.111634e+00
1.590192732625649e-01	2.007739e+00
1.592634138875649e-01	1.908955e+00
1.595075545125649e-01	1.815032e+00
1.597516951375649e-01	1.725729e+00
1.602399763875649e-01	1.560090e+00
1.604841170125649e-01	1.483331e+00
1.607282576375649e-01	1.410349e+00
1.609723982625649e-01	1.340970e+00
1.612165388875649e-01	1.274713e+00
1.613403594611189e-01	1.242755e+00
1.614361554912773e-01	1.219847e+00
1.614945273924674e-01	1.208118e+00
1.615471090301760e-01	1.201877e+00
1.616015526873621e-01	1.204218e+00
1.616602743405245e-01	1.222001e+00
1.617170258170500e-01	1.258012e+00
1.617811358960664e-01	1.318482e+00
1.618474426404912e-01	1.394578e+00
1.619300771647205e-01	1.497279e+00
1.620322467314667e-01	1.626004e+00
1.621510496396774e-01	1.772776e+00
1.623534838489818e-01	2.012965e+00
1.625976244739818e-01	2.286513e+00
1.628417650989818e-01	2.540176e+00
1.630859057239818e-01	2.771709e+00
1.633300463489818e-01	2.979804e+00
1.635741869739818e-01	3.163312e+00
1.638183275989818e-01	3.321252e+00
1.640624682239818e-01	3.452819e+00
1.643066088489818e-01	3.557399e+00
1.645507494739818e-01	3.634584e+00
1.647948900989818e-01	3.684189e+00
1.650390307239818e-01	3.706279e+00
1.652831713489818e-01	3.701209e+00
1.655273119739818e-01	3.669680e+00
1.657714525989818e-01	3.612830e+00
1.660155932239818e-01	3.532390e+00
1.662597338489818e-01	3.430873e+00
1.665038744739818e-01	3.311762e+00
1.667480150989818e-01	3.179623e+00
1.669921557239818e-01	3.039874e+00
1.672362963489818e-01	2.897955e+00
1.674804369739818e-01	2.758237e+00
1.677245775989818e-01	2.623382e+00
1.679687182239818e-01	2.494506e+00
1.682128588489818e-01	2.371809e+00
1.684569994739818e-01	2.255118e+00
1.687011400989818e-01	2.144163e+00
1.689452807239818e-01	2.038667e+00
1.691894213489818e-01	1.938362e+00
1.694335619739818e-01	1.842991e+00
1.696777025989818e-01	1.752313e+00
1.699218432239818e-01	1.666097e+00
1.701659838489818e-01	1.584122e+00
1.704101244739818e-01	1.506181e+00
1.706542650989818e-01	1.432075e+00
1.708984057239818e-01	1.361618e+00
1.711425463489818e-01	1.294909e+00
1.713866869739818e-01	1.232562e+00
1.714862077876186e-01	1.211411e+00
1.715601681028119e-01	1.204058e+00
1.716287325969897e-01	1.212772e+00
1.716942498150047e-01	1.242245e+00
1.717483291845299e-01	1.285500e+00
1.718171321702192e-01	1.359246e+00
1.719026669308235e-01	1.462929e+00
1.719965825290371e-01	1.581137e+00
1.721027296102784e-01	1.713642e+00
1.722638321216568e-01	1.908079e+00
1.725079727466568e-01	2.188091e+00
1.727521133716568e-01	2.449524e+00
1.729962539966568e-01	2.689345e+00
1.732403946216568e-01	2.906188e+00
1.734845352466568e-01	3.098848e+00
1.737286758716568e-01	3.266280e+00
1.739728164966568e-01	3.407613e+00
1.742169571216568e-01	3.522161e+00
1.744610977466568e-01	3.609440e+00
1.747052383716568e-01	3.669179e+00
1.749493789966568e-01	3.701348e+00
1.751935196216568e-01	3.706190e+00
1.754376602466568e-01	3.684271e+00
1.756818008716568e-01	3.636554e+00
1.759259414966568e-01	3.564537e+00
1.761700821216568e-01	3.470421e+00
1.764142227466568e-01	3.357300e+00
1.766583633716568e-01	3.229343e+00
1.769025039966568e-01	3.091729e+00
1.771466446216568e-01	2.950019e+00
1.773907852466568e-01	2.809088e+00
1.776349258716568e-01	2.672247e+00
1.778790664966568e-01	2.541118e+00
1.781232071216568e-01	2.416161e+00
1.783673477466568e-01	2.297293e+00
1.786114883716568e-01	2.184264e+00
1.788556289966568e-01	2.076795e+00
1.790997696216568e-01	1.974614e+00
1.793439102466568e-01	1.877460e+00
1.795880508716568e-01	1.785086e+00
1.798321914966568e-01	1.697257e+00
1.800763321216568e-01	1.613749e+00
1.803204727466568e-01	1.534350e+00
1.805646133716568e-01	1.458858e+00
1.808087539966568e-01	1.387081e+00
1.810528946216568e-01	1.318888e+00
1.812970352466568e-01	1.254454e+00
1.814447757301433e-01	1.219111e+00
1.815202521974061e-01	1.205620e+00
1.815796839959697e-01	1.203105e+00
1.816407000688893e-01	1.216534e+00
1.817165951847904e-01	1.259566e+00
1.817781551574671e-01	1.315346e+00
1.818450887546350e-01	1.391840e+00
1.819281053417751e-01	1.494811e+00
1.820314500755999e-01	1.625011e+00
1.821475079865030e-01	1.768481e+00
1.823481375474648e-01	2.006770e+00
1.825922781724648e-01	2.280721e+00
1.828364187974648e-01	2.534853e+00
1.830805594224648e-01	2.766886e+00
1.833247000474648e-01	2.975506e+00
1.835688406724648e-01	3.159564e+00
1.838129812974648e-01	3.318073e+00
1.840571219224648e-01	3.450225e+00
1.843012625474648e-01	3.555402e+00
1.845454031724648e-01	3.633189e+00
1.847895437974648e-01	3.683398e+00
1.850336844224648e-01	3.706088e+00
1.852778250474648e-01	3.701606e+00
1.855219656724648e-01	3.670647e+00
1.857661062974648e-01	3.614336e+00
1.860102469224648e-01	3.534388e+00
1.862543875474648e-01	3.433300e+00
1.864985281724648e-01	3.314530e+00
1.867426687974648e-01	3.182620e+00
1.869868094224648e-01	3.042977e+00
1.872309500474648e-01	2.901053e+00
1.874750906724648e-01	2.761252e+00
1.877192312974648e-01	2.626274e+00
1.879633719224648e-01	2.497263e+00
1.882075125474648e-01	2.374431e+00
1.884516531724648e-01	2.257611e+00
1.886957937974648e-01	2.146534e+00
1.889399344224648e-01	2.040921e+00
1.891840750474648e-01	1.940505e+00
1.894282156724648e-01	1.845029e+00
1.896723562974648e-01	1.754251e+00
1.899164969224648e-01	1.667939e+00
1.901606375474648e-01	1.585874e+00
1.904047781724648e-01	1.507847e+00
1.906489187974648e-01	1.433658e+00
1.908930594224648e-01	1.363123e+00
1.911372000474648e-01	1.296314e+00
1.913813406724648e-01	1.235377e+00
1.915253981900206e-01	1.208853e+00
1.916014137624287e-01	1.209544e+00
1.916781649958167e-01	1.235341e+00
1.917419348553566e-01	1.281348e+00
1.918166942586338e-01	1.358849e+00
1.918885128529879e-01	1.445104e+00
1.919718256960136e-01	1.549969e+00
1.920745451032472e-01	1.678711e+00
1.922275244100618e-01	1.864724e+00
1.924716650350618e-01	2.147454e+00
1.927158056600618e-01	2.411978e+00
1.929599462850618e-01	2.655103e+00
1.932040869100618e-01	2.875443e+00
1.934482275350618e-01	3.071770e+00
1.936923681600618e-01	3.243013e+00
1.939365087850618e-01	3.388275e+00
1.941806494100618e-01	3.506843e+00
1.944247900350618e-01	3.598200e+00
1.946689306600618e-01	3.662042e+00
1.949130712850618e-01	3.698303e+00
1.951572119100618e-01	3.707182e+00
1.954013525350618e-01	3.689192e+00
1.956454931600618e-01	3.645232e+00
1.958896337850618e-01	3.576712e+00
1.961337744100618e-01	3.485714e+00
1.963779150350618e-01	3.375183e+00
1.966220556600618e-01	3.249122e+00
1.968661962850618e-01	3.112589e+00
1.971103369100618e-01	2.971150e+00
1.973544775350618e-01	2.829850e+00
1.975986181600618e-01	2.692261e+00
1.978427587850618e-01	2.560233e+00
1.980868994100618e-01	2.434355e+00
1.983310400350618e-01	2.314596e+00
1.985751806600618e-01	2.200716e+00
1.988193212850618e-01	2.092438e+00
1.990634619100618e-01	1.989486e+00
1.993076025350618e-01	1.891601e+00
1.995517431600618e-01	1.798531e+00
1.997958837850618e-01	1.710041e+00
2.000400244100618e-01	1.625904e+00
2.002841650350618e-01	1.545907e+00
2.005283056600618e-01	1.469846e+00
2.007724462850618e-01	1.397528e+00
2.010165869100618e-01	1.328795e+00
2.012607275350618e-01	1.264203e+00
2.014559883067104e-01	1.218127e+00
2.015395778111799e-01	1.205440e+00
2.016078666446375e-01	1.208327e+00
2.016746412233032e-01	1.231094e+00
2.017313283241811e-01	1.270980e+00
2.018049047121810e-01	1.345268e+00
2.018741645289543e-01	1.427248e+00
2.019558195349745e-01	1.529726e+00
2.020564803457823e-01	1.656223e+00
2.021977216296166e-01	1.829032e+00
2.024315060288728e-01	2.102199e+00
2.026756466538728e-01	2.369898e+00
2.029197872788728e-01	2.616641e+00
2.031639279038728e-01	2.840818e+00
2.034080685288728e-01	3.041173e+00
2.036522091538728e-01	3.216608e+00
2.038963497788728e-01	3.366199e+00
2.041404904038728e-01	3.489198e+00
2.043846310288728e-01	3.585058e+00
2.046287716538728e-01	3.653438e+00
2.048729122788728e-01	3.694229e+00
2.051170529038728e-01	3.707586e+00
2.053611935288728e-01	3.693965e+00
2.056053341538728e-01	3.654196e+00
2.058494747788728e-01	3.589595e+00
2.060936154038728e-01	3.502122e+00
2.063377560288728e-01	3.394559e+00
2.065818966538728e-01	3.270727e+00
2.068260372788728e-01	3.135536e+00
2.070701779038728e-01	2.994529e+00
2.073143185288728e-01	2.852913e+00
2.075584591538728e-01	2.714543e+00
2.078025997788728e-01	2.581535e+00
2.080467404038728e-01	2.454637e+00
2.082908810288728e-01	2.333885e+00
2.085350216538728e-01	2.219057e+00
2.087791622788728e-01	2.109877e+00
2.090233029038728e-01	2.006068e+00
2.092674435288728e-01	1.907366e+00
2.095115841538728e-01	1.813521e+00
2.097557247788728e-01	1.724293e+00
2.102440060288728e-01	1.558791e+00
2.104881466538728e-01	1.482097e+00
2.107322872788728e-01	1.409175e+00
2.109764279038728e-01	1.339855e+00
2.112205685288728e-01	1.274058e+00
2.113997689068061e-01	1.229603e+00
2.115095189351355e-01	1.208186e+00
2.115784176406119e-01	1.204325e+00
2.116447275775754e-01	1.218845e+00
2.117194747989346e-01	1.261952e+00
2.117808054470840e-01	1.318260e+00
2.118482550643842e-01	1.395708e+00
2.119310124909460e-01	1.498483e+00
2.120342729078085e-01	1.628556e+00
2.121517107889972e-01	1.773591e+00
2.123558448537038e-01	2.015680e+00
2.125999854787038e-01	2.289067e+00
2.128441261037038e-01	2.542523e+00
2.130882667287038e-01	2.773836e+00
2.133324073537038e-01	2.981698e+00
2.135765479787038e-01	3.164963e+00
2.138206886037038e-01	3.322652e+00
2.140648292287038e-01	3.453960e+00
2.143089698537038e-01	3.558277e+00
2.145531104787038e-01	3.635196e+00
2.147972511037038e-01	3.684534e+00
2.150413917287038e-01	3.706359e+00
2.152855323537038e-01	3.701029e+00
2.155296729787038e-01	3.669249e+00
2.157738136037038e-01	3.612162e+00
2.160179542287038e-01	3.531504e+00
2.162620948537038e-01	3.429798e+00
2.165062354787038e-01	3.310538e+00
2.167503761037038e-01	3.178299e+00
2.169945167287038e-01	3.038503e+00
2.172386573537038e-01	2.896478e+00
2.174562103009646e-01	2.771364e+00
2.176228298198446e-01	2.678161e+00
2.178172905077712e-01	2.573037e+00
2.180046204985200e-01	2.475600e+00
2.182387694674400e-01	2.359022e+00
2.184829100924400e-01	2.243018e+00
2.187270507174400e-01	2.132659e+00
2.189711913424400e-01	2.027729e+00
2.192153319674400e-01	1.927961e+00
2.194594725924400e-01	1.833103e+00
2.197036132174400e-01	1.742912e+00
2.199477538424400e-01	1.657158e+00
2.201918944674400e-01	1.575623e+00
2.204360350924400e-01	1.498100e+00
2.206801757174400e-01	1.424391e+00
2.209243163424400e-01	1.354314e+00
2.211684569674400e-01	1.287785e+00
2.213762457020303e-01	1.234979e+00
2.214901492679345e-01	1.210913e+00
2.215632848884514e-01	1.203966e+00
2.216309497811495e-01	1.213520e+00
2.216982872526175e-01	1.245080e+00
2.217523409780214e-01	1.289263e+00
2.218210559876153e-01	1.363831e+00
2.219113490227526e-01	1.473831e+00
2.220118436805382e-01	1.600339e+00
2.221184578936323e-01	1.733026e+00
2.222895452366355e-01	1.938458e+00
2.225336858616355e-01	2.216601e+00
2.227778264866355e-01	2.475825e+00
2.230219671116355e-01	2.713288e+00
2.232661077366355e-01	2.927638e+00
2.235102483616355e-01	3.117687e+00
2.237543889866355e-01	3.282408e+00
2.239985296116355e-01	3.420949e+00
2.242426702366355e-01	3.532645e+00
2.244868108616355e-01	3.617032e+00
2.247309514866355e-01	3.673865e+00
2.249750921116355e-01	3.703139e+00
2.252192327366355e-01	3.705129e+00
2.254633733616355e-01	3.680439e+00
2.257075139866355e-01	3.630082e+00
2.259516546116355e-01	3.555617e+00
2.261957952366355e-01	3.459334e+00
2.264399358616355e-01	3.344435e+00
2.266840764866355e-01	3.215204e+00
2.269282171116355e-01	3.076900e+00
2.271723577366355e-01	2.935065e+00
2.274164983616355e-01	2.794440e+00
2.276606389866355e-01	2.658058e+00
2.278902414387492e-01	2.535168e+00
2.281343820637492e-01	2.410586e+00
2.283785226887492e-01	2.291991e+00
2.286226633137492e-01	2.179223e+00
2.288668039387492e-01	2.072002e+00
2.291109445637492e-01	1.970057e+00
2.293550851887492e-01	1.873127e+00
2.295992258137492e-01	1.780966e+00
2.298433664387492e-01	1.693340e+00
2.300875070637492e-01	1.610025e+00
2.303316476887492e-01	1.530810e+00
2.305757883137492e-01	1.455492e+00
2.308199289387492e-01	1.383880e+00
2.310640695637492e-01	1.315858e+00
2.313082101887492e-01	1.251328e+00
2.314296607616233e-01	1.221982e+00
2.315095927348650e-01	1.206678e+00
2.315670911361334e-01	1.202246e+00
2.316264307114036e-01	1.210954e+00
2.316939175327227e-01	1.241776e+00
2.317482244707788e-01	1.285144e+00
2.318163997958772e-01	1.358272e+00
2.319020085654336e-01	1.462084e+00
2.319964881017792e-01	1.581009e+00
2.321026187886889e-01	1.713501e+00
2.322638974698864e-01	1.908153e+00
2.325080380948864e-01	2.188164e+00
2.327521787198864e-01	2.449591e+00
2.329963193448864e-01	2.689406e+00
2.332404599698864e-01	2.906243e+00
2.334846005948864e-01	3.098896e+00
2.337287412198864e-01	3.266321e+00
2.339728818448864e-01	3.407647e+00
2.342170224698864e-01	3.522189e+00
2.344611630948864e-01	3.609460e+00
2.347053037198864e-01	3.669191e+00
2.349494443448864e-01	3.701353e+00
2.351935849698864e-01	3.706188e+00
2.354377255948864e-01	3.684261e+00
2.356818662198864e-01	3.636538e+00
2.359260068448864e-01	3.564515e+00
2.361701474698864e-01	3.470393e+00
2.364142880948864e-01	3.357268e+00
2.366584287198864e-01	3.229307e+00
2.369025693448864e-01	3.091691e+00
2.371467099698864e-01	2.949981e+00
2.373908505948864e-01	2.809051e+00
2.376349912198864e-01	2.672211e+00
2.378791318448864e-01	2.541084e+00
2.381232724698864e-01	2.416128e+00
2.383674130948864e-01	2.297262e+00
2.386115537198864e-01	2.184234e+00
2.388556943448864e-01	2.076767e+00
2.390998349698864e-01	1.974587e+00
2.393439755948864e-01	1.877434e+00
2.395881162198864e-01	1.785062e+00
2.398322568448864e-01	1.697234e+00
2.400763974698864e-01	1.613728e+00
2.403205380948864e-01	1.534330e+00
2.405646787198864e-01	1.458838e+00
2.408088193448864e-01	1.387062e+00
2.410529599698864e-01	1.318871e+00
2.412971005948864e-01	1.254387e+00
2.414416727238347e-01	1.219671e+00
2.415171507050177e-01	1.205893e+00
2.415760342607390e-01	1.202801e+00
2.416366296610876e-01	1.214795e+00
2.417096353121038e-01	1.253818e+00
2.417690294741296e-01	1.305801e+00
2.418358432069966e-01	1.380931e+00
2.419271610920056e-01	1.493663e+00
2.420290146096592e-01	1.621926e+00
2.421439906600238e-01	1.764279e+00
2.423317381277759e-01	1.987851e+00
2.425758787527759e-01	2.262894e+00
2.428200193777759e-01	2.518459e+00
2.430641600027759e-01	2.752019e+00
2.433083006277759e-01	2.962250e+00
2.435524412527759e-01	3.147991e+00
2.437965818777759e-01	3.308243e+00
2.440407225027759e-01	3.442187e+00
2.442848631277759e-01	3.549191e+00
2.445290037527759e-01	3.628827e+00
2.447731443777759e-01	3.680890e+00
2.450172850027759e-01	3.705420e+00
2.452614256277759e-01	3.702747e+00
2.455055662527759e-01	3.673536e+00
2.457497068777759e-01	3.618882e+00
2.459938475027759e-01	3.540455e+00
2.462379881277759e-01	3.440692e+00
2.464821287527759e-01	3.322980e+00
2.467262693777759e-01	3.191788e+00
2.469704100027759e-01	3.052488e+00
2.472145506277759e-01	2.910562e+00
2.474586912527759e-01	2.770513e+00
2.477028318777759e-01	2.635161e+00
2.479469725027759e-01	2.505736e+00
2.481911131277759e-01	2.382492e+00
2.484352537527759e-01	2.265276e+00
2.486793943777759e-01	2.153822e+00
2.489235350027759e-01	2.047851e+00
2.491676756277759e-01	1.947093e+00
2.494118162527759e-01	1.851293e+00
2.496559568777759e-01	1.760207e+00
2.499000975027759e-01	1.672980e+00
2.500000000000000e-01	1.638367e+00
