time	V(N003,N002)
0.000000000000000e+00	0.000000e+00
9.999999717180685e-10	2.273737e-13
1.999999943436137e-09	9.094947e-13
9.363999735167997e-06	9.358897e-08
1.872599947039256e-05	7.309174e-07
2.808799920561712e-05	1.911986e-06
3.744999894084168e-05	3.636796e-06
4.681199867606624e-05	5.905345e-06
5.617399841129080e-05	8.717635e-06
6.553599814651534e-05	1.207367e-05
1.310719962930307e-04	1.089424e-04
2.621439925860614e-04	3.577188e-03
4.779336830603372e-04	4.135671e-02
6.551315267859486e-04	1.397185e-01
8.357137646853456e-04	3.176945e-01
1.079854389685346e-03	6.148860e-01
1.323995014685346e-03	9.292151e-01
1.568135639685346e-03	1.244977e+00
1.812276264685346e-03	1.554306e+00
2.056416889685346e-03	1.852444e+00
2.300557514685346e-03	2.135915e+00
2.544698139685346e-03	2.402239e+00
2.788838764685346e-03	2.649329e+00
3.032979389685346e-03	2.875350e+00
3.277120014685346e-03	3.078694e+00
3.521260639685346e-03	3.257965e+00
3.765401264685346e-03	3.411954e+00
4.009541889685346e-03	3.539642e+00
4.253682514685346e-03	3.640194e+00
4.497823139685346e-03	3.712955e+00
4.741963764685346e-03	3.757456e+00
4.986104389685346e-03	3.773410e+00
5.230245014685346e-03	3.760715e+00
5.474385639685346e-03	3.719453e+00
5.718526264685346e-03	3.649889e+00
5.962666889685346e-03	3.552472e+00
6.206807514685346e-03	3.427834e+00
6.450948139685346e-03	3.276791e+00
6.695088764685346e-03	3.100342e+00
6.939229389685346e-03	2.899673e+00
7.183370014685346e-03	2.676160e+00
7.427510639685346e-03	2.431387e+00
7.671651264685346e-03	2.167166e+00
7.915791889685345e-03	1.885593e+00
8.159932514685345e-03	1.589147e+00
8.404073139685345e-03	1.280929e+00
8.648213764685345e-03	9.652389e-01
8.892354389685345e-03	6.498389e-01
9.136495014685345e-03	3.541115e-01
9.380635639685345e-03	1.194893e-01
9.560171415364253e-03	2.855107e-02
9.761315078902552e-03	1.977175e-03
9.876106894659748e-03	1.022220e-04
9.993415159424862e-03	5.829334e-05
1.022803168895509e-02	4.088446e-03
1.047217231395509e-02	4.373449e-02
1.066579354041235e-02	1.520976e-01
1.086341890930531e-02	3.499717e-01
1.110755953430531e-02	6.497141e-01
1.135170015930531e-02	9.650949e-01
1.159584078430531e-02	1.280601e+00
1.183998140930531e-02	1.588815e+00
1.208412203430531e-02	1.885402e+00
1.232826265930531e-02	2.167040e+00
1.257240328430531e-02	2.431283e+00
1.281654390930531e-02	2.676070e+00
1.306068453430531e-02	2.899593e+00
1.330482515930531e-02	3.100273e+00
1.354896578430531e-02	3.276732e+00
1.379310640930531e-02	3.427784e+00
1.403724703430531e-02	3.552432e+00
1.428138765930531e-02	3.649858e+00
1.452552828430531e-02	3.719433e+00
1.476966890930531e-02	3.760705e+00
1.501380953430531e-02	3.773410e+00
1.525795015930531e-02	3.757466e+00
1.550209078430531e-02	3.712975e+00
1.574623140930531e-02	3.640224e+00
1.599037203430531e-02	3.539683e+00
1.623451265930531e-02	3.412005e+00
1.647865328430531e-02	3.258025e+00
1.672279390930531e-02	3.078765e+00
1.696693453430531e-02	2.875430e+00
1.721107515930531e-02	2.649421e+00
1.745521578430531e-02	2.402345e+00
1.769935640930531e-02	2.136044e+00
1.794349703430531e-02	1.852649e+00
1.818763765930531e-02	1.554696e+00
1.843177828430531e-02	1.245382e+00
1.867591890930531e-02	9.293721e-01
1.892005953430531e-02	6.149527e-01
1.916420015930531e-02	3.239422e-01
1.940834078430531e-02	9.986708e-02
1.957807602473281e-02	2.206776e-02
1.976790012491388e-02	1.535386e-03
1.987854683886109e-02	9.458512e-05
2.000005725726562e-02	7.177216e-05
2.024307809407468e-02	5.167380e-03
2.048721871907468e-02	4.994982e-02
2.068334830820682e-02	1.669780e-01
2.088187679729291e-02	3.712156e-01
2.112601742229291e-02	6.733512e-01
2.137015804729291e-02	9.891253e-01
2.161429867229291e-02	1.304245e+00
2.185843929729291e-02	1.611699e+00
2.210257992229291e-02	1.907250e+00
2.234672054729291e-02	2.187653e+00
2.259086117229291e-02	2.450494e+00
2.283500179729291e-02	2.693733e+00
2.307914242229291e-02	2.915582e+00
2.332328304729291e-02	3.114477e+00
2.356742367229291e-02	3.289053e+00
2.381156429729291e-02	3.438142e+00
2.405570492229291e-02	3.560758e+00
2.429984554729291e-02	3.656099e+00
2.454398617229291e-02	3.723547e+00
2.478812679729291e-02	3.762666e+00
2.503226742229291e-02	3.773206e+00
2.527640804729291e-02	3.755098e+00
2.552054867229291e-02	3.708458e+00
2.576468929729291e-02	3.633587e+00
2.600882992229291e-02	3.530969e+00
2.625297054729291e-02	3.401271e+00
2.649711117229291e-02	3.245342e+00
2.674125179729291e-02	3.064217e+00
2.698539242229291e-02	2.859116e+00
2.722953304729291e-02	2.631456e+00
2.747367367229291e-02	2.382859e+00
2.771781429729291e-02	2.115187e+00
2.796195492229291e-02	1.830596e+00
2.820609554729291e-02	1.531662e+00
2.845023617229291e-02	1.221648e+00
2.869437679729291e-02	9.053872e-01
2.893851742229291e-02	5.916616e-01
2.918265804729291e-02	3.043430e-01
2.942679867229291e-02	8.885530e-02
2.959543039194404e-02	1.676005e-02
2.975189580891093e-02	1.443416e-03
2.987328067375095e-02	1.175925e-04
2.999460349423355e-02	6.728899e-05
3.023724913519875e-02	4.751384e-03
3.048138976019875e-02	4.750943e-02
3.067670555347570e-02	1.613053e-01
3.087502375077083e-02	3.632982e-01
3.111916437577083e-02	6.645677e-01
3.136330500077082e-02	9.802053e-01
3.160744562577082e-02	1.295472e+00
3.185158625077082e-02	1.603211e+00
3.209572687577082e-02	1.899148e+00
3.233986750077082e-02	2.180011e+00
3.258400812577082e-02	2.443374e+00
3.282814875077082e-02	2.687189e+00
3.307228937577082e-02	2.909661e+00
3.331643000077082e-02	3.109219e+00
3.356057062577082e-02	3.284496e+00
3.380471125077082e-02	3.434314e+00
3.404885187577082e-02	3.557685e+00
3.429299250077082e-02	3.653800e+00
3.453713312577082e-02	3.722038e+00
3.478127375077082e-02	3.761957e+00
3.502541437577082e-02	3.773301e+00
3.526955500077082e-02	3.755996e+00
3.551369562577082e-02	3.710154e+00
3.575783625077082e-02	3.636070e+00
3.600197687577082e-02	3.534223e+00
3.624611750077082e-02	3.405273e+00
3.649025812577082e-02	3.250068e+00
3.673439875077082e-02	3.069634e+00
3.697853937577082e-02	2.865188e+00
3.722268000077082e-02	2.638140e+00
3.746682062577082e-02	2.390107e+00
3.771096125077082e-02	2.122942e+00
3.795510187577082e-02	1.838794e+00
3.819924250077082e-02	1.540221e+00
3.844338312577082e-02	1.230464e+00
3.868752375077082e-02	9.142916e-01
3.893166437577082e-02	6.002952e-01
3.917580500077082e-02	3.115612e-01
3.941994562577082e-02	9.279785e-02
3.958873388898427e-02	1.851878e-02
3.975437806165300e-02	1.505271e-03
3.987144700927591e-02	1.159385e-04
3.999294978773317e-02	6.658956e-05
4.023595534464769e-02	4.667237e-03
4.048009596964769e-02	4.699153e-02
4.067531327014585e-02	1.601447e-01
4.087366571874407e-02	3.617395e-01
4.111780634374407e-02	6.628274e-01
4.136194696874407e-02	9.784372e-01
4.160608759374407e-02	1.293733e+00
4.185022821874407e-02	1.601528e+00
4.209436884374407e-02	1.897541e+00
4.233850946874407e-02	2.178495e+00
4.258265009374407e-02	2.441961e+00
4.282679071874407e-02	2.685890e+00
4.307093134374407e-02	2.908486e+00
4.331507196874407e-02	3.108175e+00
4.355921259374407e-02	3.283590e+00
4.380335321874407e-02	3.433553e+00
4.404749384374407e-02	3.557073e+00
4.429163446874407e-02	3.653343e+00
4.453577509374407e-02	3.721737e+00
4.477991571874407e-02	3.761814e+00
4.502405634374407e-02	3.773317e+00
4.526819696874407e-02	3.756171e+00
4.551233759374407e-02	3.710487e+00
4.575647821874407e-02	3.636559e+00
4.600061884374407e-02	3.534865e+00
4.624475946874407e-02	3.406064e+00
4.648890009374407e-02	3.251002e+00
4.673304071874407e-02	3.070706e+00
4.697718134374407e-02	2.866390e+00
4.722132196874407e-02	2.639463e+00
4.746546259374407e-02	2.391541e+00
4.770960321874407e-02	2.124477e+00
4.795374384374407e-02	1.840417e+00
4.819788446874407e-02	1.541916e+00
4.844202509374407e-02	1.232211e+00
4.868616571874407e-02	9.160563e-01
4.893030634374407e-02	6.020080e-01
4.917444696874407e-02	3.130001e-01
4.941858759374407e-02	9.359607e-02
4.958742359467666e-02	1.890981e-02
4.975558319260172e-02	1.580074e-03
4.988286210105909e-02	1.059473e-04
5.000541669946472e-02	7.821480e-05
5.024955732446472e-02	5.672261e-03
5.049369794946472e-02	5.279818e-02
5.069100597511820e-02	1.736822e-01
5.089003902478364e-02	3.807165e-01
5.113417964978364e-02	6.838210e-01
5.137832027478364e-02	9.997454e-01
5.162246089978364e-02	1.314686e+00
5.186660152478364e-02	1.621796e+00
5.211074214978364e-02	1.916884e+00
5.235488277478364e-02	2.196736e+00
5.259902339978364e-02	2.458953e+00
5.284316402478364e-02	2.701505e+00
5.308730464978364e-02	2.922611e+00
5.333144527478364e-02	3.120713e+00
5.357558589978364e-02	3.294456e+00
5.381972652478364e-02	3.442674e+00
5.406386714978364e-02	3.564390e+00
5.430800777478364e-02	3.658808e+00
5.455214839978364e-02	3.725314e+00
5.479628902478364e-02	3.763481e+00
5.504042964978364e-02	3.773063e+00
5.528457027478364e-02	3.753998e+00
5.552871089978364e-02	3.706409e+00
5.577285152478364e-02	3.630602e+00
5.601699214978364e-02	3.527066e+00
5.626113277478364e-02	3.396476e+00
5.650527339978364e-02	3.239687e+00
5.674941402478364e-02	3.057740e+00
5.699355464978364e-02	2.851861e+00
5.723769527478364e-02	2.623473e+00
5.748183589978364e-02	2.374207e+00
5.772597652478364e-02	2.105932e+00
5.797011714978364e-02	1.820818e+00
5.821425777478364e-02	1.521455e+00
5.845839839978364e-02	1.211140e+00
5.870253902478364e-02	8.947829e-01
5.894667964978364e-02	5.814012e-01
5.919082027478364e-02	2.958383e-01
5.943496089978364e-02	8.439860e-02
5.960389683296261e-02	1.483697e-02
5.975101577852585e-02	1.342431e-03
5.987617931232140e-02	1.166314e-04
5.999805496137126e-02	7.105072e-05
6.024180625947097e-02	5.082354e-03
6.048594688447097e-02	4.942259e-02
6.068196853754951e-02	1.658068e-01
6.088051805876100e-02	3.696463e-01
6.112465868376100e-02	6.716086e-01
6.136879930876100e-02	9.873568e-01
6.161293993376100e-02	1.302506e+00
6.185708055876100e-02	1.610017e+00
6.210122118376100e-02	1.905645e+00
6.234536180876100e-02	2.186139e+00
6.258950243376100e-02	2.449083e+00
6.283364305876100e-02	2.692437e+00
6.307778368376100e-02	2.914410e+00
6.332192430876100e-02	3.113436e+00
6.356606493376100e-02	3.288151e+00
6.381020555876100e-02	3.437385e+00
6.405434618376100e-02	3.560150e+00
6.429848680876100e-02	3.655645e+00
6.454262743376100e-02	3.723249e+00
6.478676805876100e-02	3.762528e+00
6.503090868376100e-02	3.773226e+00
6.527504930876100e-02	3.755278e+00
6.551918993376100e-02	3.708796e+00
6.576333055876100e-02	3.634081e+00
6.600747118376100e-02	3.531616e+00
6.625161180876100e-02	3.402066e+00
6.649575243376100e-02	3.246280e+00
6.673989305876100e-02	3.065292e+00
6.698403368376100e-02	2.860322e+00
6.722817430876100e-02	2.632782e+00
6.747231493376100e-02	2.384297e+00
6.771645555876100e-02	2.116725e+00
6.796059618376100e-02	1.832222e+00
6.820473680876100e-02	1.533359e+00
6.844887743376100e-02	1.223396e+00
6.869301805876100e-02	9.071525e-01
6.893715868376100e-02	5.933720e-01
6.918129930876100e-02	3.057685e-01
6.942543993376100e-02	8.962226e-02
6.959407258734338e-02	1.742578e-02
6.975987126774548e-02	1.475066e-03
6.989486664875477e-02	9.629875e-05
7.002643480589527e-02	1.109503e-04
7.027057543089527e-02	7.539526e-03
7.051471605589527e-02	6.301913e-02
7.071726610677544e-02	1.980007e-01
7.092019312736139e-02	4.164909e-01
7.116433375236139e-02	7.225780e-01
7.140847437736139e-02	1.038941e+00
7.165261500236139e-02	1.353178e+00
7.189675562736139e-02	1.658979e+00
7.214089625236139e-02	1.952326e+00
7.238503687736139e-02	2.230121e+00
7.262917750236139e-02	2.490014e+00
7.287331812736139e-02	2.730008e+00
7.311745875236139e-02	2.948353e+00
7.336159937736139e-02	3.143516e+00
7.360574000236139e-02	3.314165e+00
7.384988062736139e-02	3.459160e+00
7.409402125236139e-02	3.577543e+00
7.433816187736139e-02	3.668543e+00
7.458230250236139e-02	3.731569e+00
7.482644312736139e-02	3.766215e+00
7.507058375236139e-02	3.772258e+00
7.531472437736139e-02	3.749660e+00
7.555886500236139e-02	3.698565e+00
7.580300562736139e-02	3.619303e+00
7.604714625236139e-02	3.512386e+00
7.629128687736139e-02	3.378510e+00
7.653542750236139e-02	3.218554e+00
7.677956812736139e-02	3.033580e+00
7.702370875236139e-02	2.824840e+00
7.726784937736139e-02	2.593781e+00
7.751199000236139e-02	2.342060e+00
7.775613062736139e-02	2.071581e+00
7.800027125236139e-02	1.784556e+00
7.824441187736139e-02	1.483643e+00
7.848855250236139e-02	1.172261e+00
7.873269312736139e-02	8.556278e-01
7.897683375236139e-02	5.437325e-01
7.922097437736139e-02	2.653382e-01
7.946511500236139e-02	7.016706e-02
7.964042556029367e-02	9.363562e-03
7.977021637560273e-02	8.538663e-04
7.991491588240579e-02	7.951260e-05
8.005942613345118e-02	2.007484e-04
8.030356675845118e-02	1.137276e-02
8.054770738345118e-02	8.565304e-02
8.078801062696191e-02	2.721206e-01
8.100521811959945e-02	5.205370e-01
8.124935874459945e-02	8.324773e-01
8.149349936959945e-02	1.149133e+00
8.173763999459945e-02	1.460946e+00
8.198178061959945e-02	1.762748e+00
8.222592124459945e-02	2.050964e+00
8.247006186959945e-02	2.322770e+00
8.271420249459945e-02	2.575947e+00
8.295834311959945e-02	2.808589e+00
8.320248374459945e-02	3.019024e+00
8.344662436959945e-02	3.205791e+00
8.369076499459945e-02	3.367626e+00
8.393490561959945e-02	3.503452e+00
8.417904624459945e-02	3.612377e+00
8.442318686959945e-02	3.693692e+00
8.466732749459945e-02	3.746871e+00
8.491146811959945e-02	3.771572e+00
8.515560874459945e-02	3.767635e+00
8.539974936959945e-02	3.735087e+00
8.564388999459945e-02	3.674136e+00
8.588803061959945e-02	3.585175e+00
8.613217124459945e-02	3.468780e+00
8.637631186959945e-02	3.325713e+00
8.662045249459945e-02	3.156914e+00
8.686459311959945e-02	2.963511e+00
8.710873374459945e-02	2.746824e+00
8.735287436959945e-02	2.508369e+00
8.759701499459945e-02	2.249886e+00
8.784115561959945e-02	1.973375e+00
8.808529624459945e-02	1.681182e+00
8.832943686959945e-02	1.376180e+00
8.857357749459945e-02	1.062199e+00
8.881771811959945e-02	7.455795e-01
8.906185874459945e-02	4.401562e-01
8.930599936959945e-02	1.877037e-01
8.955013999459945e-02	4.343197e-02
8.978336916966377e-02	2.397686e-03
8.993582238730907e-02	6.131455e-05
9.008007154345792e-02	2.833605e-04
9.032421216845792e-02	1.439668e-02
9.056835279345792e-02	9.678188e-02
9.080539360989753e-02	2.903696e-01
9.103697301971324e-02	5.605640e-01
9.128111364471324e-02	8.734715e-01
9.152525426971324e-02	1.189693e+00
9.176939489471324e-02	1.500621e+00
9.201353551971324e-02	1.801062e+00
9.225767614471324e-02	2.087306e+00
9.250181676971324e-02	2.356798e+00
9.274595739471324e-02	2.607406e+00
9.299009801971324e-02	2.837250e+00
9.323423864471324e-02	3.044684e+00
9.347837926971324e-02	3.228276e+00
9.372251989471324e-02	3.386785e+00
9.396666051971324e-02	3.519158e+00
9.421080114471324e-02	3.624528e+00
9.445494176971324e-02	3.702209e+00
9.469908239471324e-02	3.751700e+00
9.494322301971324e-02	3.772681e+00
9.518736364471324e-02	3.765018e+00
9.543150426971324e-02	3.728759e+00
9.567564489471324e-02	3.664138e+00
9.591978551971324e-02	3.571573e+00
9.616392614471324e-02	3.451663e+00
9.640806676971324e-02	3.305191e+00
9.665220739471324e-02	3.133124e+00
9.689634801971324e-02	2.936614e+00
9.714048864471324e-02	2.717005e+00
9.738462926971324e-02	2.475842e+00
9.762876989471324e-02	2.214894e+00
9.787291051971324e-02	1.936202e+00
9.811705114471324e-02	1.642166e+00
9.836119176971324e-02	1.335751e+00
9.860533239471324e-02	1.020972e+00
9.884947301971324e-02	7.047119e-01
9.909361364471324e-02	4.028846e-01
9.933775426971324e-02	1.536928e-01
9.953355890272901e-02	4.026437e-02
9.975082728174969e-02	2.930045e-03
9.987676776881564e-02	1.148209e-04
9.999479486769312e-02	6.048055e-05
1.002308490654481e-01	4.273444e-03
1.004749896904481e-01	4.670835e-02
1.006800983799980e-01	1.653915e-01
1.008766324603382e-01	3.650110e-01
1.011207730853382e-01	6.666325e-01
1.013649137103382e-01	9.823028e-01
1.016090543353382e-01	1.297531e+00
1.018531949603382e-01	1.605204e+00
1.020973355853382e-01	1.901051e+00
1.023414762103382e-01	2.181806e+00
1.025856168353382e-01	2.445047e+00
1.028297574603382e-01	2.688727e+00
1.030738980853382e-01	2.911053e+00
1.033180387103382e-01	3.110455e+00
1.035621793353382e-01	3.285567e+00
1.038063199603382e-01	3.435215e+00
1.040504605853382e-01	3.558408e+00
1.042946012103382e-01	3.654342e+00
1.045387418353382e-01	3.722395e+00
1.047828824603382e-01	3.762126e+00
1.050270230853382e-01	3.773281e+00
1.052711637103382e-01	3.755787e+00
1.055153043353382e-01	3.709758e+00
1.057594449603382e-01	3.635489e+00
1.060035855853382e-01	3.533461e+00
1.062477262103382e-01	3.404336e+00
1.064918668353382e-01	3.248960e+00
1.067360074603382e-01	3.068364e+00
1.069801480853382e-01	2.863765e+00
1.072242887103382e-01	2.636572e+00
1.074684293353382e-01	2.388406e+00
1.077125699603382e-01	2.121123e+00
1.079567105853382e-01	1.836870e+00
1.082008512103382e-01	1.538213e+00
1.084449918353382e-01	1.228395e+00
1.086891324603382e-01	9.122013e-01
1.089332730853382e-01	5.982670e-01
1.091774137103382e-01	3.098608e-01
1.094215543353382e-01	9.185171e-02
1.095902497975726e-01	1.907042e-02
1.097769616625952e-01	1.521870e-03
1.099316476968795e-01	6.976724e-05
1.100827888636008e-01	3.057271e-04
1.103269294886008e-01	1.482965e-02
1.105710701136008e-01	9.640992e-02
1.107947171905052e-01	2.777990e-01
1.110275302425158e-01	5.488183e-01
1.112716708675158e-01	8.612017e-01
1.115158114925158e-01	1.177487e+00
1.117599521175158e-01	1.488749e+00
1.120040927425158e-01	1.789687e+00
1.122482333675158e-01	2.076532e+00
1.124923739925158e-01	2.346713e+00
1.127365146175158e-01	2.598088e+00
1.129806552425158e-01	2.828766e+00
1.132247958675158e-01	3.037096e+00
1.134689364925158e-01	3.221634e+00
1.137130771175158e-01	3.381134e+00
1.139572177425158e-01	3.514535e+00
1.142013583675158e-01	3.620964e+00
1.144454989925158e-01	3.699726e+00
1.146896396175158e-01	3.750315e+00
1.149337802425158e-01	3.772402e+00
1.151779208675158e-01	3.765847e+00
1.154220614925158e-01	3.730691e+00
1.156662021175158e-01	3.667161e+00
1.159103427425158e-01	3.575666e+00
1.161544833675158e-01	3.456800e+00
1.163986239925158e-01	3.311339e+00
1.166427646175158e-01	3.140241e+00
1.168869052425158e-01	2.944653e+00
1.171310458675158e-01	2.725911e+00
1.173751864925158e-01	2.485550e+00
1.176193271175158e-01	2.225332e+00
1.178634677425158e-01	1.947284e+00
1.181076083675158e-01	1.653790e+00
1.183517489925158e-01	1.347788e+00
1.185958896175158e-01	1.033237e+00
1.188400302425158e-01	7.168465e-01
1.190841708675158e-01	4.138839e-01
1.193283114925158e-01	1.635066e-01
1.195376044495950e-01	4.087806e-02
1.197537580864380e-01	2.820671e-03
1.198837905400166e-01	1.069754e-04
1.200048293235602e-01	7.473957e-05
1.202469068906474e-01	5.443424e-03
1.204910475156474e-01	5.158773e-02
1.206876701368618e-01	1.707081e-01
1.208862973488580e-01	3.763433e-01
1.211304379738580e-01	6.790214e-01
1.213745785988580e-01	9.948779e-01
1.216187192238580e-01	1.309901e+00
1.218628598488580e-01	1.617169e+00
1.221070004738580e-01	1.912470e+00
1.223511410988580e-01	2.192575e+00
1.225952817238580e-01	2.455078e+00
1.228394223488580e-01	2.697945e+00
1.230835629738580e-01	2.919392e+00
1.233277035988580e-01	3.117858e+00
1.235718442238580e-01	3.291983e+00
1.238159848488580e-01	3.440600e+00
1.240601254738580e-01	3.562729e+00
1.243042660988580e-01	3.657570e+00
1.245484067238580e-01	3.724508e+00
1.247925473488580e-01	3.763112e+00
1.250366879738580e-01	3.773133e+00
1.252808285988580e-01	3.754506e+00
1.255249692238580e-01	3.707352e+00
1.257691098488580e-01	3.631974e+00
1.260132504738580e-01	3.528859e+00
1.262573910988580e-01	3.398678e+00
1.265015317238580e-01	3.242283e+00
1.267456723488580e-01	3.060712e+00
1.269898129738580e-01	2.855190e+00
1.272339535988580e-01	2.627135e+00
1.274780942238580e-01	2.378176e+00
1.277222348488580e-01	2.110177e+00
1.279663754738580e-01	1.825302e+00
1.282105160988580e-01	1.526135e+00
1.284546567238580e-01	1.215958e+00
1.286987973488580e-01	8.996438e-01
1.289429379738580e-01	5.861017e-01
1.291870785988580e-01	2.997240e-01
1.294312192238580e-01	9.095374e-02
1.296273437706366e-01	1.411232e-02
1.297887752704860e-01	9.422600e-04
1.299514265862112e-01	6.101653e-05
1.301167923641380e-01	5.729720e-04
1.303609329891380e-01	1.724091e-02
1.305769942519208e-01	9.531584e-02
1.307939493628214e-01	2.764940e-01
1.310327126472728e-01	5.554819e-01
1.312768532722728e-01	8.679312e-01
1.315209938972728e-01	1.184185e+00
1.317651345222728e-01	1.495267e+00
1.320092751472728e-01	1.795933e+00
1.322534157722728e-01	2.082448e+00
1.324975563972728e-01	2.352252e+00
1.327416970222728e-01	2.603206e+00
1.329858376472728e-01	2.833426e+00
1.332299782722728e-01	3.041265e+00
1.334741188972728e-01	3.225284e+00
1.337182595222728e-01	3.384240e+00
1.339624001472728e-01	3.517077e+00
1.342065407722728e-01	3.622925e+00
1.344506813972728e-01	3.701095e+00
1.346948220222728e-01	3.751080e+00
1.349389626472728e-01	3.772560e+00
1.351831032722728e-01	3.765397e+00
1.354272438972728e-01	3.729636e+00
1.356713845222728e-01	3.665507e+00
1.359155251472728e-01	3.573425e+00
1.361596657722728e-01	3.453986e+00
1.364038063972728e-01	3.307969e+00
1.366479470222728e-01	3.136340e+00
1.368920876472728e-01	2.940246e+00
1.371362282722728e-01	2.721027e+00
1.373803688972728e-01	2.480226e+00
1.376245095222728e-01	2.219607e+00
1.378686501472728e-01	1.941205e+00
1.381127907722728e-01	1.647413e+00
1.383569313972728e-01	1.341183e+00
1.386010720222728e-01	1.026506e+00
1.388452126472728e-01	7.101848e-01
1.390893532722728e-01	4.078366e-01
1.393334938972728e-01	1.574038e-01
1.395314327817939e-01	4.145429e-02
1.397503972570757e-01	3.063843e-03
1.398807090344052e-01	1.141876e-04
1.400031560260348e-01	7.602922e-05
1.402472966510348e-01	5.496114e-03
1.404914372760348e-01	5.371001e-02
1.406994214676832e-01	1.826089e-01
1.408987847766273e-01	3.909876e-01
1.411429254016273e-01	6.950427e-01
1.413870660266273e-01	1.011119e+00
1.416312066516273e-01	1.325864e+00
1.418753472766273e-01	1.632600e+00
1.421194879016273e-01	1.927188e+00
1.423636285266273e-01	2.206446e+00
1.426077691516273e-01	2.467993e+00
1.428519097766273e-01	2.709806e+00
1.430960504016273e-01	2.930113e+00
1.433401910266273e-01	3.127365e+00
1.435843316516273e-01	3.300212e+00
1.438284722766273e-01	3.447498e+00
1.440726129016273e-01	3.568248e+00
1.443167535266273e-01	3.661675e+00
1.445608941516273e-01	3.727173e+00
1.448050347766273e-01	3.764319e+00
1.450491754016273e-01	3.772875e+00
1.452933160266273e-01	3.752785e+00
1.455374566516273e-01	3.704178e+00
1.457815972766273e-01	3.627368e+00
1.460257379016273e-01	3.522851e+00
1.462698785266273e-01	3.391307e+00
1.465140191516273e-01	3.233597e+00
1.467581597766273e-01	3.050770e+00
1.470023004016273e-01	2.844059e+00
1.472464410266273e-01	2.614894e+00
1.474905816516273e-01	2.364913e+00
1.477347222766273e-01	2.095996e+00
1.479788629016273e-01	1.810323e+00
1.482230035266273e-01	1.510505e+00
1.484671441516273e-01	1.199873e+00
1.487112847766273e-01	8.834229e-01
1.489554254016273e-01	5.704362e-01
1.491995660266273e-01	2.868414e-01
1.494437066516273e-01	7.989839e-02
1.496135209247266e-01	1.390564e-02
1.497768901366338e-01	1.181722e-03
1.499409338364137e-01	7.129461e-05
1.501027824138013e-01	4.469529e-04
1.503469230388013e-01	1.441139e-02
1.505599816872335e-01	8.636004e-02
1.507865199598321e-01	2.692533e-01
1.510094553486823e-01	5.260043e-01
1.512535959736823e-01	8.379695e-01
1.514977365986823e-01	1.154608e+00
1.517418772236823e-01	1.466286e+00
1.519860178486823e-01	1.767877e+00
1.522301584736823e-01	2.055828e+00
1.524742990986823e-01	2.327328e+00
1.527184397236823e-01	2.580165e+00
1.529625803486823e-01	2.812435e+00
1.532067209736823e-01	3.022471e+00
1.534508615986823e-01	3.208816e+00
1.536950022236823e-01	3.370208e+00
1.539391428486823e-01	3.505574e+00
1.541832834736823e-01	3.614025e+00
1.544274240986823e-01	3.694856e+00
1.546715647236823e-01	3.747543e+00
1.549157053486823e-01	3.771748e+00
1.551598459736823e-01	3.767314e+00
1.554039865986823e-01	3.734270e+00
1.556481272236823e-01	3.672829e+00
1.558922678486823e-01	3.583387e+00
1.561364084736823e-01	3.466523e+00
1.563805490986823e-01	3.322999e+00
1.566246897236823e-01	3.153763e+00
1.568688303486823e-01	2.959945e+00
1.571129709736823e-01	2.742866e+00
1.573571115986823e-01	2.504048e+00
1.576012522236823e-01	2.245234e+00
1.578453928486823e-01	1.968430e+00
1.580895334736823e-01	1.675988e+00
1.583336740986823e-01	1.370794e+00
1.585778147236823e-01	1.056701e+00
1.588219553486823e-01	7.401169e-01
1.590660959736823e-01	4.351647e-01
1.593102365986823e-01	1.842478e-01
1.595543772236823e-01	4.167455e-02
1.597822074640691e-01	2.278119e-03
1.599335681065227e-01	6.241351e-05
1.600765937245975e-01	2.657436e-04
1.603207343495975e-01	1.385373e-02
1.605648749745975e-01	9.578967e-02
1.608090155995975e-01	2.948525e-01
1.610383025294776e-01	5.621495e-01
1.612824431544776e-01	8.752003e-01
1.615265837794776e-01	1.191412e+00
1.617707244044776e-01	1.502291e+00
1.620148650294776e-01	1.802661e+00
1.622590056544776e-01	2.088820e+00
1.625031462794776e-01	2.358216e+00
1.627472869044776e-01	2.608715e+00
1.629914275294776e-01	2.838441e+00
1.632355681544776e-01	3.045750e+00
1.634797087794776e-01	3.229208e+00
1.637238494044776e-01	3.387577e+00
1.639679900294776e-01	3.519806e+00
1.642121306544776e-01	3.625027e+00
1.644562712794776e-01	3.702556e+00
1.647004119044776e-01	3.751891e+00
1.649445525294776e-01	3.772717e+00
1.651886931544776e-01	3.764898e+00
1.654328337794776e-01	3.728484e+00
1.656769744044776e-01	3.663710e+00
1.659211150294776e-01	3.570993e+00
1.661652556544776e-01	3.450936e+00
1.664093962794776e-01	3.304322e+00
1.666535369044776e-01	3.132119e+00
1.668976775294776e-01	2.935480e+00
1.671418181544776e-01	2.715749e+00
1.673859587794776e-01	2.474473e+00
1.676300994044776e-01	2.213423e+00
1.678742400294776e-01	1.934640e+00
1.681183806544776e-01	1.640528e+00
1.683625212794776e-01	1.334055e+00
1.686066619044776e-01	1.019245e+00
1.688508025294776e-01	7.030046e-01
1.690949431544776e-01	4.013431e-01
1.693390837794776e-01	1.525384e-01
1.695342019710306e-01	3.989789e-02
1.697509131583256e-01	3.145695e-03
1.698956650798016e-01	1.092106e-04
1.700324612490833e-01	1.252908e-04
1.702766018740833e-01	8.154601e-03
1.705207424990833e-01	6.683317e-02
1.707290197298973e-01	2.097014e-01
1.709334608414839e-01	4.324157e-01
1.711776014664839e-01	7.396737e-01
1.714217420914839e-01	1.056171e+00
1.716658827164839e-01	1.370071e+00
1.719100233414839e-01	1.675277e+00
1.721541639664839e-01	1.967845e+00
1.723983045914839e-01	2.244723e+00
1.726424452164839e-01	2.503584e+00
1.728865858414839e-01	2.742445e+00
1.731307264664839e-01	2.959568e+00
1.733748670914839e-01	3.153431e+00
1.736190077164839e-01	3.322714e+00
1.738631483414839e-01	3.466285e+00
1.741072889664839e-01	3.583198e+00
1.743514295914839e-01	3.672692e+00
1.745955702164839e-01	3.734184e+00
1.748397108414839e-01	3.767280e+00
1.750838514664839e-01	3.771766e+00
1.753279920914839e-01	3.747613e+00
1.755721327164839e-01	3.694977e+00
1.758162733414839e-01	3.614197e+00
1.760604139664839e-01	3.505796e+00
1.763045545914839e-01	3.370479e+00
1.765486952164839e-01	3.209134e+00
1.767928358414839e-01	3.022835e+00
1.770369764664839e-01	2.812843e+00
1.772811170914839e-01	2.580616e+00
1.775252577164839e-01	2.327825e+00
1.777693983414839e-01	2.056387e+00
1.780135389664839e-01	1.768533e+00
1.782576795914839e-01	1.466954e+00
1.785018202164839e-01	1.155125e+00
1.787459608414839e-01	8.384141e-01
1.789901014664839e-01	5.272903e-01
1.792342420914839e-01	2.523956e-01
1.794783827164839e-01	6.591260e-02
1.796661757226463e-01	7.696778e-03
1.798070684201510e-01	5.055666e-04
1.799460851432978e-01	5.359948e-05
1.801326279700564e-01	8.011013e-04
1.803767685950564e-01	1.855376e-02
1.805794702121650e-01	9.483173e-02
1.807956669353934e-01	2.783872e-01
1.810390184531491e-01	5.635056e-01
1.812831590781491e-01	8.761222e-01
1.815272997031491e-01	1.192332e+00
1.817714403281491e-01	1.503190e+00
1.820155809531491e-01	1.803523e+00
1.822597215781491e-01	2.089636e+00
1.825038622031491e-01	2.358979e+00
1.827480028281491e-01	2.609420e+00
1.829921434531491e-01	2.839083e+00
1.832362840781491e-01	3.046323e+00
1.834804247031491e-01	3.229710e+00
1.837245653281491e-01	3.388004e+00
1.839687059531491e-01	3.520154e+00
1.842128465781491e-01	3.625295e+00
1.844569872031491e-01	3.702742e+00
1.847011278281491e-01	3.751995e+00
1.849452684531491e-01	3.772736e+00
1.851894090781491e-01	3.764832e+00
1.854335497031491e-01	3.728335e+00
1.856776903281491e-01	3.663478e+00
1.859218309531491e-01	3.570681e+00
1.861659715781491e-01	3.450545e+00
1.864101122031491e-01	3.303854e+00
1.866542528281491e-01	3.131577e+00
1.868983934531491e-01	2.934869e+00
1.871425340781491e-01	2.715072e+00
1.873866747031491e-01	2.473735e+00
1.876308153281491e-01	2.212630e+00
1.878749559531491e-01	1.933799e+00
1.881190965781491e-01	1.639646e+00
1.883632372031491e-01	1.333141e+00
1.886073778281491e-01	1.018315e+00
1.888515184531491e-01	7.020856e-01
1.890956590781491e-01	4.005136e-01
1.893397997031491e-01	1.559661e-01
1.895574594229200e-01	3.582209e-02
1.897737330231284e-01	2.272576e-03
1.899263529839776e-01	7.202849e-05
1.900702112522070e-01	2.395697e-04
1.903143518772070e-01	1.289479e-02
1.905584925022070e-01	9.216088e-02
1.908026331272070e-01	2.879726e-01
1.910270738857087e-01	5.479614e-01
1.912712145107087e-01	8.606136e-01
1.915153551357087e-01	1.176900e+00
1.917594957607087e-01	1.488176e+00
1.920036363857087e-01	1.789137e+00
1.922477770107087e-01	2.076010e+00
1.924919176357087e-01	2.346225e+00
1.927360582607087e-01	2.597637e+00
1.929801988857087e-01	2.828356e+00
1.932243395107087e-01	3.036728e+00
1.934684801357087e-01	3.221312e+00
1.937126207607087e-01	3.380860e+00
1.939567613857087e-01	3.514311e+00
1.942009020107087e-01	3.620791e+00
1.944450426357087e-01	3.699606e+00
1.946891832607087e-01	3.750247e+00
1.949333238857087e-01	3.772388e+00
1.951774645107087e-01	3.765885e+00
1.954216051357087e-01	3.730783e+00
1.956657457607087e-01	3.667305e+00
1.959098863857087e-01	3.575863e+00
1.961540270107087e-01	3.457047e+00
1.963981676357087e-01	3.311635e+00
1.966423082607087e-01	3.140585e+00
1.968864488857087e-01	2.945041e+00
1.971305895107087e-01	2.726340e+00
1.973747301357087e-01	2.486018e+00
1.976188707607087e-01	2.225835e+00
1.978630113857087e-01	1.947818e+00
1.981071520107087e-01	1.654352e+00
1.983512926357087e-01	1.348370e+00
1.985954332607087e-01	1.033829e+00
1.988395738857087e-01	7.174333e-01
1.990837145107087e-01	4.144174e-01
1.993278551357087e-01	1.623935e-01
1.995287428344124e-01	4.302880e-02
1.997499425243685e-01	3.320545e-03
1.998920117366971e-01	1.118258e-04
2.000263463812570e-01	1.126602e-04
2.002704870062570e-01	7.530868e-03
2.005146276312570e-01	6.419432e-02
2.007244282550284e-01	2.055337e-01
2.009270056319884e-01	4.245918e-01
2.011711462569884e-01	7.313544e-01
2.014152868819884e-01	1.047791e+00
2.016594275069884e-01	1.361855e+00
2.019035681319884e-01	1.667352e+00
2.021477087569884e-01	1.960301e+00
2.023918493819884e-01	2.237625e+00
2.026359900069884e-01	2.496989e+00
2.028801306319884e-01	2.736402e+00
2.031242712569884e-01	2.954120e+00
2.033684118819884e-01	3.148616e+00
2.036125525069884e-01	3.318564e+00
2.038566931319884e-01	3.462828e+00
2.041008337569884e-01	3.580457e+00
2.043449743819884e-01	3.670683e+00
2.045891150069884e-01	3.732922e+00
2.048332556319884e-01	3.766772e+00
2.050773962569884e-01	3.772016e+00
2.053215368819884e-01	3.748619e+00
2.055656775069884e-01	3.696733e+00
2.058098181319884e-01	3.616692e+00
2.060539587569884e-01	3.509012e+00
2.062980993819884e-01	3.374396e+00
2.065422400069884e-01	3.213726e+00
2.067863806319884e-01	3.028071e+00
2.070305212569884e-01	2.818688e+00
2.072746618819884e-01	2.587029e+00
2.075188025069884e-01	2.334758e+00
2.077629431319884e-01	2.063785e+00
2.080070837569884e-01	1.776334e+00
2.082512243819884e-01	1.475077e+00
2.084953650069884e-01	1.163464e+00
2.087395056319884e-01	8.467878e-01
2.089836462569884e-01	5.352790e-01
2.092277868819884e-01	2.586554e-01
2.094719275069884e-01	6.861961e-02
2.096581654908984e-01	8.575112e-03
2.098039121675453e-01	5.738884e-04
2.099483293288237e-01	5.567446e-05
2.101342692449872e-01	8.217618e-04
2.103784098699872e-01	1.879120e-02
2.105804150657751e-01	9.521276e-02
2.107959080350803e-01	2.785870e-01
2.110400486600803e-01	5.648189e-01
2.112841892850803e-01	8.774606e-01
2.115283299100803e-01	1.193662e+00
2.117724705350803e-01	1.504483e+00
2.120166111600803e-01	1.804762e+00
2.122607517850803e-01	2.090809e+00
2.125048924100803e-01	2.360077e+00
2.127490330350803e-01	2.610434e+00
2.129931736600803e-01	2.840005e+00
2.132373142850803e-01	3.047148e+00
2.134814549100803e-01	3.230431e+00
2.137255955350803e-01	3.388617e+00
2.139697361600803e-01	3.520655e+00
2.142138767850803e-01	3.625680e+00
2.144580174100803e-01	3.703009e+00
2.147021580350803e-01	3.752142e+00
2.149462986600803e-01	3.772762e+00
2.151904392850803e-01	3.764738e+00
2.154345799100803e-01	3.728121e+00
2.156787205350803e-01	3.663145e+00
2.159228611600803e-01	3.570231e+00
2.161670017850803e-01	3.449981e+00
2.164111424100803e-01	3.303180e+00
2.166552830350803e-01	3.130798e+00
2.168994236600803e-01	2.933988e+00
2.171435642850803e-01	2.714098e+00
2.173877049100803e-01	2.472674e+00
2.176318455350803e-01	2.211489e+00
2.178759861600803e-01	1.932588e+00
2.181201267850803e-01	1.638376e+00
2.183642674100803e-01	1.331827e+00
2.186084080350803e-01	1.016977e+00
2.188525486600803e-01	7.007630e-01
2.190966892850803e-01	3.993210e-01
2.193408299100803e-01	1.546962e-01
2.195557787053921e-01	3.572530e-02
2.197692020440178e-01	2.323225e-03
2.199177613926743e-01	7.800013e-05
2.200573883773403e-01	1.895688e-04
2.203015290023403e-01	1.110205e-02
2.205456696273403e-01	8.082372e-02
2.207618880297348e-01	2.428690e-01
2.209769423457671e-01	4.856215e-01
2.212210829707671e-01	7.958465e-01
2.214652235957671e-01	1.112549e+00
2.217093642207671e-01	1.425240e+00
2.219535048457671e-01	1.728420e+00
2.221976454707671e-01	2.018377e+00
2.224417860957671e-01	2.292205e+00
2.226859267207671e-01	2.547642e+00
2.229300673457671e-01	2.782752e+00
2.231742079707671e-01	2.995838e+00
2.234183485957671e-01	3.185414e+00
2.236624892207671e-01	3.350195e+00
2.239066298457671e-01	3.489083e+00
2.241507704707671e-01	3.601163e+00
2.243949110957671e-01	3.685706e+00
2.246390517207671e-01	3.742165e+00
2.248831923457671e-01	3.770176e+00
2.251273329707671e-01	3.769558e+00
2.253714735957671e-01	3.740316e+00
2.256156142207671e-01	3.682638e+00
2.258597548457671e-01	3.596895e+00
2.261038954707671e-01	3.483643e+00
2.263480360957671e-01	3.343620e+00
2.265921767207671e-01	3.177746e+00
2.268363173457671e-01	2.987130e+00
2.270804579707671e-01	2.773065e+00
2.273245985957671e-01	2.537047e+00
2.275687392207671e-01	2.280787e+00
2.278128798457671e-01	2.006251e+00
2.280570204707671e-01	1.715740e+00
2.283011610957671e-01	1.412049e+00
2.285453017207671e-01	1.098862e+00
2.287894423457671e-01	7.820950e-01
2.290335829707671e-01	4.740856e-01
2.292777235957671e-01	2.121122e-01
2.295218642207671e-01	5.363983e-02
2.297580926081969e-01	3.513917e-03
2.299024732910897e-01	9.639561e-05
2.300400339669263e-01	1.415387e-04
2.302841745919263e-01	8.980483e-03
2.305283152169263e-01	7.108942e-02
2.307399296531674e-01	2.205663e-01
2.309469551716925e-01	4.487838e-01
2.311910957966925e-01	7.570839e-01
2.314352364216925e-01	1.073682e+00
2.316793770466925e-01	1.387225e+00
2.319235176716925e-01	1.691815e+00
2.321676582966925e-01	1.983582e+00
2.324117989216925e-01	2.259521e+00
2.326559395466925e-01	2.517326e+00
2.329000801716925e-01	2.755029e+00
2.331442207966925e-01	2.970903e+00
2.333883614216925e-01	3.163441e+00
2.336325020466925e-01	3.331330e+00
2.338766426716925e-01	3.473451e+00
2.341207832966925e-01	3.588867e+00
2.343649239216925e-01	3.676826e+00
2.346090645466925e-01	3.736757e+00
2.348532051716925e-01	3.768275e+00
2.350973457966925e-01	3.771178e+00
2.353414864216925e-01	3.745445e+00
2.355856270466925e-01	3.691243e+00
2.358297676716925e-01	3.608921e+00
2.360739082966925e-01	3.499012e+00
2.363180489216925e-01	3.362231e+00
2.365621895466925e-01	3.199477e+00
2.368063301716925e-01	3.011834e+00
2.370504707966925e-01	2.800573e+00
2.372946114216925e-01	2.567164e+00
2.375387520466925e-01	2.313290e+00
2.377828926716925e-01	2.040883e+00
2.380270332966925e-01	1.752195e+00
2.382711739216925e-01	1.449949e+00
2.385153145466925e-01	1.137681e+00
2.387594551716925e-01	8.209183e-01
2.390035957966925e-01	5.106603e-01
2.392477364216925e-01	2.395411e-01
2.394918770466925e-01	6.259197e-02
2.396992730902229e-01	5.922943e-03
2.398415634986387e-01	2.811179e-04
2.399807226438347e-01	5.608238e-05
2.402010439368426e-01	2.637893e-03
2.404451845618426e-01	3.428218e-02
2.406371525192186e-01	1.298590e-01
2.408361593721807e-01	3.196833e-01
2.410802999971807e-01	6.153951e-01
2.413244406221807e-01	9.297947e-01
2.415685812471807e-01	1.245551e+00
2.418127218721807e-01	1.554862e+00
2.420568624971807e-01	1.852976e+00
2.423010031221807e-01	2.136417e+00
2.425451437471807e-01	2.402708e+00
2.427892843721807e-01	2.649761e+00
2.430334249971807e-01	2.875742e+00
2.432775656221807e-01	3.079044e+00
2.435217062471807e-01	3.258269e+00
2.437658468721807e-01	3.412211e+00
2.440099874971807e-01	3.539851e+00
2.442541281221807e-01	3.640352e+00
2.444982687471807e-01	3.713061e+00
2.447424093721807e-01	3.757511e+00
2.449865499971807e-01	3.773412e+00
2.452306906221807e-01	3.760666e+00
2.454748312471807e-01	3.719351e+00
2.457189718721807e-01	3.649736e+00
2.459631124971807e-01	3.552269e+00
2.462072531221807e-01	3.427582e+00
2.464513937471807e-01	3.276492e+00
2.466955343721807e-01	3.099998e+00
2.469396749971807e-01	2.899285e+00
2.471838156221807e-01	2.675732e+00
2.474279562471807e-01	2.430922e+00
2.476720968721807e-01	2.166668e+00
2.479162374971807e-01	1.885064e+00
2.481603781221807e-01	1.588594e+00
2.484045187471807e-01	1.280358e+00
2.486486593721807e-01	9.646596e-01
2.488927999971807e-01	6.492710e-01
2.491369406221807e-01	3.536157e-01
2.493810812471807e-01	1.227384e-01
2.495805928011008e-01	2.548832e-02
2.497740268803686e-01	1.692608e-03
2.499220338131167e-01	5.137175e-05
2.500000000000000e-01	2.019583e-06
