time	V(N003,N002)
0.000000000000000e+00	0.000000e+00
9.999999717180685e-10	0.000000e+00
1.999999943436137e-09	0.000000e+00
1.636806930137061e-05	-7.602633e-10
3.273413860279779e-05	-9.123160e-10
4.910020790422496e-05	-4.561580e-10
6.546627720565214e-05	6.082107e-10
8.183234650707931e-05	2.280790e-09
9.819841580850649e-05	4.561580e-09
1.145644851099336e-04	7.450581e-09
1.432014540100784e-04	7.450581e-09
1.755748142559782e-04	1.490116e-08
2.111088157445483e-04	1.490116e-08
2.490486610649375e-04	4.470348e-08
2.887754220747221e-04	1.192093e-07
3.297219333171919e-04	2.384186e-07
3.715088717384800e-04	4.768372e-07
4.138396414259472e-04	9.834766e-07
4.565440078453112e-04	2.086163e-06
4.994991049198558e-04	4.410744e-06
5.426463089305462e-04	9.268522e-06
5.859465117485393e-04	1.940131e-05
6.293919071241195e-04	4.076958e-05
6.729865198027839e-04	8.553267e-05
7.167611344393161e-04	1.794696e-04
7.607783211383109e-04	3.758073e-04
8.051713841942859e-04	7.848144e-04
8.502093143747681e-04	1.630962e-03
8.964429409441206e-04	3.364801e-03
9.449845798442894e-04	6.878316e-03
9.979102750622094e-04	1.395464e-02
1.059695779876479e-03	2.848506e-02
1.139479043436859e-03	5.964160e-02
1.250941750295043e-03	1.249267e-01
1.371706622344956e-03	2.226434e-01
1.562864467393591e-03	4.177209e-01
1.807005092393591e-03	7.027156e-01
2.051145717393591e-03	1.005720e+00
2.295286342393591e-03	1.310132e+00
2.539426967393591e-03	1.605150e+00
2.783567592393591e-03	1.884963e+00
3.027708217393591e-03	2.146178e+00
3.271848842393591e-03	2.386608e+00
3.515989467393591e-03	2.604687e+00
3.760130092393591e-03	2.799238e+00
4.004270717393591e-03	2.969391e+00
4.248411342393591e-03	3.114590e+00
4.492551967393591e-03	3.234636e+00
4.736692592393591e-03	3.329803e+00
4.980833217393591e-03	3.401029e+00
5.224973842393591e-03	3.450172e+00
5.469114467393591e-03	3.480326e+00
5.713255092393591e-03	3.495898e+00
5.957395717393591e-03	3.502237e+00
6.123057089727595e-03	3.503278e+00
6.272467229551353e-03	3.502916e+00
6.421274929593276e-03	3.502114e+00
6.564101783070478e-03	3.501175e+00
6.745997444931411e-03	3.499895e+00
6.990138069931411e-03	3.498142e+00
7.234278694931411e-03	3.496380e+00
7.478419319931411e-03	3.494617e+00
7.722559944931411e-03	3.492855e+00
7.966700569931411e-03	3.491094e+00
8.210841194931411e-03	3.489333e+00
8.454981819931411e-03	3.487574e+00
8.699122444931411e-03	3.485815e+00
8.943263069931411e-03	3.484057e+00
9.187403694931411e-03	3.482300e+00
9.431544319931411e-03	3.480544e+00
9.675684944931411e-03	3.478788e+00
9.919825569931411e-03	3.477034e+00
1.016396619493141e-02	3.475281e+00
1.040810681993141e-02	3.473528e+00
1.065224744493141e-02	3.471776e+00
1.089638806993141e-02	3.470026e+00
1.114052869493141e-02	3.468276e+00
1.138466931993141e-02	3.466527e+00
1.162880994493141e-02	3.464778e+00
1.187295056993141e-02	3.463031e+00
1.211709119493141e-02	3.461285e+00
1.236123181993141e-02	3.459539e+00
1.260537244493141e-02	3.457795e+00
1.284951306993141e-02	3.456052e+00
1.309365369493141e-02	3.454314e+00
1.329502561339228e-02	3.452897e+00
1.343292541548509e-02	3.451960e+00
1.355359096093310e-02	3.451215e+00
1.368314393596306e-02	3.450592e+00
1.380178932285443e-02	3.450378e+00
1.393266779797148e-02	3.450961e+00
1.408157343073556e-02	3.453591e+00
1.428510020439739e-02	3.461571e+00
1.448867805203080e-02	3.475047e+00
1.470783289632243e-02	3.494569e+00
1.491506456562053e-02	3.514573e+00
1.515920519062053e-02	3.535582e+00
1.540334581562053e-02	3.551157e+00
1.559664693598181e-02	3.558545e+00
1.580851930326582e-02	3.562230e+00
1.600868993790636e-02	3.563223e+00
1.612339865033095e-02	3.563023e+00
1.621688640444588e-02	3.562574e+00
1.631012685453298e-02	3.562015e+00
1.640221553406736e-02	3.561405e+00
1.650066767204152e-02	3.560718e+00
1.659410115099609e-02	3.560048e+00
1.669413542721787e-02	3.559321e+00
1.680381307160351e-02	3.558518e+00
1.694048954416523e-02	3.557516e+00
1.713034794892014e-02	3.556121e+00
1.737448857392014e-02	3.554328e+00
1.761862919892014e-02	3.552535e+00
1.786276982392014e-02	3.550744e+00
1.810691044892014e-02	3.548953e+00
1.835105107392014e-02	3.547164e+00
1.859519169892014e-02	3.545375e+00
1.883933232392014e-02	3.543587e+00
1.908347294892014e-02	3.541800e+00
1.932761357392014e-02	3.540014e+00
1.957175419892014e-02	3.538229e+00
1.981589482392014e-02	3.536444e+00
2.006003544892014e-02	3.534661e+00
2.030417607392014e-02	3.532878e+00
2.054831669892014e-02	3.531097e+00
2.079245732392014e-02	3.529316e+00
2.103659794892014e-02	3.527536e+00
2.128073857392014e-02	3.525757e+00
2.152487919892014e-02	3.523979e+00
2.176901982392014e-02	3.522202e+00
2.201316044892014e-02	3.520426e+00
2.225730107392014e-02	3.518650e+00
2.250144169892014e-02	3.516876e+00
2.274558232392014e-02	3.515103e+00
2.298972294892014e-02	3.513331e+00
2.323386357392014e-02	3.511574e+00
2.347800419892014e-02	3.509897e+00
2.372214482392014e-02	3.508550e+00
2.393375192511835e-02	3.508320e+00
2.414874650823021e-02	3.510378e+00
2.437622243500395e-02	3.516770e+00
2.462036306000395e-02	3.528901e+00
2.484025581213211e-02	3.543220e+00
2.505569086093188e-02	3.557613e+00
2.529983148593188e-02	3.571179e+00
2.549886035061022e-02	3.578727e+00
2.568116910614693e-02	3.582429e+00
2.587882562680693e-02	3.583829e+00
2.612296625180693e-02	3.583565e+00
2.634028624892870e-02	3.582437e+00
2.655711546066905e-02	3.580951e+00
2.678448066072759e-02	3.579296e+00
2.702862128572759e-02	3.577496e+00
2.727276191072759e-02	3.575692e+00
2.751690253572759e-02	3.573889e+00
2.776104316072759e-02	3.572087e+00
2.800518378572759e-02	3.570285e+00
2.824932441072759e-02	3.568485e+00
2.849346503572759e-02	3.566685e+00
2.873760566072759e-02	3.564887e+00
2.898174628572759e-02	3.563089e+00
2.922588691072759e-02	3.561292e+00
2.947002753572759e-02	3.559496e+00
2.971416816072759e-02	3.557701e+00
2.995830878572759e-02	3.555907e+00
3.020244941072759e-02	3.554114e+00
3.044659003572759e-02	3.552321e+00
3.069073066072759e-02	3.550530e+00
3.093487128572759e-02	3.548739e+00
3.117901191072759e-02	3.546950e+00
3.142315253572758e-02	3.545161e+00
3.166729316072758e-02	3.543373e+00
3.191143378572758e-02	3.541586e+00
3.215557441072758e-02	3.539800e+00
3.239971503572758e-02	3.538015e+00
3.264385566072758e-02	3.536231e+00
3.288799628572758e-02	3.534448e+00
3.313213691072758e-02	3.532670e+00
3.337627753572758e-02	3.530909e+00
3.352936345970760e-02	3.529841e+00
3.367159332398524e-02	3.528936e+00
3.381157495616766e-02	3.528241e+00
3.394456245470236e-02	3.527981e+00
3.409359178813660e-02	3.528629e+00
3.427458130200191e-02	3.531648e+00
3.451872192700191e-02	3.539834e+00
3.471807673330488e-02	3.549843e+00
3.493453816543580e-02	3.562644e+00
3.517609322128139e-02	3.575871e+00
3.542023384628139e-02	3.585973e+00
3.559859886677837e-02	3.590351e+00
3.580210787190652e-02	3.592462e+00
3.598948525795182e-02	3.592782e+00
3.611987780928996e-02	3.592365e+00
3.621489560622665e-02	3.591846e+00
3.631039957065127e-02	3.591233e+00
3.640655773557920e-02	3.590571e+00
3.650851173180101e-02	3.589841e+00
3.660757394875042e-02	3.589119e+00
3.671543140533165e-02	3.588325e+00
3.683612052310319e-02	3.587433e+00
3.697889195576382e-02	3.586376e+00
3.715475099697956e-02	3.585073e+00
3.738497395532097e-02	3.583369e+00
3.762911458032097e-02	3.581562e+00
3.787325520532097e-02	3.579756e+00
3.811739583032097e-02	3.577950e+00
3.836153645532097e-02	3.576146e+00
3.860567708032097e-02	3.574343e+00
3.884981770532097e-02	3.572540e+00
3.909395833032097e-02	3.570738e+00
3.933809895532097e-02	3.568938e+00
3.958223958032097e-02	3.567138e+00
3.982638020532097e-02	3.565339e+00
4.007052083032097e-02	3.563541e+00
4.031466145532097e-02	3.561744e+00
4.055880208032097e-02	3.559947e+00
4.080294270532097e-02	3.558152e+00
4.104708333032097e-02	3.556358e+00
4.129122395532097e-02	3.554565e+00
4.153536458032097e-02	3.552772e+00
4.177950520532097e-02	3.550980e+00
4.202364583032097e-02	3.549190e+00
4.226778645532097e-02	3.547400e+00
4.251192708032097e-02	3.545611e+00
4.275606770532097e-02	3.543823e+00
4.300020833032097e-02	3.542037e+00
4.324434895532097e-02	3.540262e+00
4.348848958032097e-02	3.538551e+00
4.373263020532097e-02	3.537144e+00
4.397677083032097e-02	3.536774e+00
4.421714875151958e-02	3.538888e+00
4.446128937651958e-02	3.545053e+00
4.467588222732278e-02	3.554324e+00
4.490270528654053e-02	3.566689e+00
4.512067049480215e-02	3.578325e+00
4.536481111980215e-02	3.588722e+00
4.554865384342414e-02	3.593757e+00
4.572918709558695e-02	3.596138e+00
4.592158792556519e-02	3.596744e+00
4.616572855056519e-02	3.596009e+00
4.640986917556519e-02	3.594553e+00
4.663511237511792e-02	3.592956e+00
4.687925300011792e-02	3.591158e+00
4.712339362511792e-02	3.589349e+00
4.736753425011792e-02	3.587539e+00
4.761167487511792e-02	3.585730e+00
4.785581550011792e-02	3.583922e+00
4.809995612511792e-02	3.582114e+00
4.834409675011792e-02	3.580308e+00
4.858823737511792e-02	3.578502e+00
4.883237800011792e-02	3.576698e+00
4.907651862511792e-02	3.574894e+00
4.932065925011792e-02	3.573091e+00
4.956479987511792e-02	3.571289e+00
4.980894050011792e-02	3.569488e+00
5.005308112511792e-02	3.567688e+00
5.029722175011792e-02	3.565889e+00
5.054136237511792e-02	3.564091e+00
5.078550300011792e-02	3.562293e+00
5.102964362511792e-02	3.560497e+00
5.127378425011792e-02	3.558702e+00
5.151792487511792e-02	3.556907e+00
5.176206550011792e-02	3.555113e+00
5.200620612511792e-02	3.553320e+00
5.225034675011792e-02	3.551528e+00
5.249448737511792e-02	3.549737e+00
5.273862800011792e-02	3.547947e+00
5.298276862511792e-02	3.546159e+00
5.322690925011792e-02	3.544377e+00
5.342741129813817e-02	3.542932e+00
5.357252022120185e-02	3.541925e+00
5.370416093518025e-02	3.541099e+00
5.384316447516399e-02	3.540429e+00
5.397769205407564e-02	3.540203e+00
5.413150911437634e-02	3.540958e+00
5.432388486085864e-02	3.544263e+00
5.456802548585864e-02	3.552364e+00
5.476753676722936e-02	3.561918e+00
5.498406455398578e-02	3.573650e+00
5.522820517898578e-02	3.585515e+00
5.544658359013362e-02	3.593272e+00
5.562259562214423e-02	3.596844e+00
5.582180561910943e-02	3.598435e+00
5.601356795412536e-02	3.598501e+00
5.614646856700474e-02	3.597982e+00
5.624179177279467e-02	3.597425e+00
5.633767564392544e-02	3.596787e+00
5.644445900408161e-02	3.596037e+00
5.654215987819737e-02	3.595330e+00
5.664577659988007e-02	3.594569e+00
5.676489518442936e-02	3.593689e+00
5.692607446111838e-02	3.592495e+00
5.715483426620199e-02	3.590798e+00
5.739897489120199e-02	3.588987e+00
5.764311551620199e-02	3.587177e+00
5.788725614120199e-02	3.585368e+00
5.813139676620199e-02	3.583560e+00
5.837553739120199e-02	3.581753e+00
5.861967801620199e-02	3.579946e+00
5.886381864120199e-02	3.578141e+00
5.910795926620199e-02	3.576337e+00
5.935209989120199e-02	3.574533e+00
5.959624051620199e-02	3.572731e+00
5.984038114120199e-02	3.570929e+00
6.008452176620199e-02	3.569128e+00
6.032866239120199e-02	3.567328e+00
6.057280301620199e-02	3.565529e+00
6.081694364120199e-02	3.563731e+00
6.106108426620199e-02	3.561934e+00
6.130522489120199e-02	3.560138e+00
6.154936551620199e-02	3.558342e+00
6.179350614120199e-02	3.556548e+00
6.203764676620199e-02	3.554754e+00
6.228178739120199e-02	3.552962e+00
6.252592801620199e-02	3.551170e+00
6.277006864120199e-02	3.549379e+00
6.301420926620199e-02	3.547591e+00
6.325834989120199e-02	3.545813e+00
6.350249051620199e-02	3.544102e+00
6.374663114120199e-02	3.542701e+00
6.399077176620199e-02	3.542258e+00
6.420718905744408e-02	3.543821e+00
6.442155936204363e-02	3.548545e+00
6.463915542770238e-02	3.557024e+00
6.486789022724768e-02	3.568704e+00
6.507719541104058e-02	3.579655e+00
6.532133603604058e-02	3.590275e+00
6.551314837854458e-02	3.595861e+00
6.570103472300330e-02	3.598644e+00
6.588946821442627e-02	3.599439e+00
6.612629168959289e-02	3.598873e+00
6.634243437164897e-02	3.597654e+00
6.655923315947877e-02	3.596141e+00
6.680337378447877e-02	3.594351e+00
6.704751440947877e-02	3.592543e+00
6.729165503447877e-02	3.590731e+00
6.753579565947877e-02	3.588921e+00
6.777993628447877e-02	3.587111e+00
6.802407690947877e-02	3.585302e+00
6.826821753447877e-02	3.583494e+00
6.851235815947877e-02	3.581687e+00
6.875649878447877e-02	3.579880e+00
6.900063940947877e-02	3.578075e+00
6.924478003447877e-02	3.576271e+00
6.948892065947877e-02	3.574467e+00
6.973306128447877e-02	3.572664e+00
6.997720190947877e-02	3.570863e+00
7.022134253447877e-02	3.569062e+00
7.046548315947877e-02	3.567262e+00
7.070962378447877e-02	3.565463e+00
7.095376440947877e-02	3.563665e+00
7.119790503447877e-02	3.561868e+00
7.144204565947877e-02	3.560072e+00
7.168618628447877e-02	3.558276e+00
7.193032690947877e-02	3.556482e+00
7.217446753447877e-02	3.554689e+00
7.241860815947877e-02	3.552896e+00
7.266274878447877e-02	3.551104e+00
7.290688940947877e-02	3.549314e+00
7.315103003447877e-02	3.547529e+00
7.339517065947877e-02	3.545761e+00
7.356137278780940e-02	3.544602e+00
7.371418174808311e-02	3.543645e+00
7.386384110303550e-02	3.542950e+00
7.400149007349850e-02	3.542797e+00
7.416099046269069e-02	3.543790e+00
7.436447576607270e-02	3.547689e+00
7.460861639107270e-02	3.556371e+00
7.483685107980079e-02	3.567572e+00
7.504321184732925e-02	3.578424e+00
7.528735247232925e-02	3.589427e+00
7.548720159765906e-02	3.595690e+00
7.566372473951771e-02	3.598660e+00
7.585850175221481e-02	3.599780e+00
7.606187204857778e-02	3.599593e+00
7.616162472910928e-02	3.599149e+00
7.625594237040811e-02	3.598571e+00
7.635281434775568e-02	3.597919e+00
7.645916494875540e-02	3.597167e+00
7.655720355137703e-02	3.596455e+00
7.666224596992412e-02	3.595683e+00
7.677732884437716e-02	3.594832e+00
7.691128811949749e-02	3.593838e+00
7.707265765933712e-02	3.592641e+00
7.729666325987750e-02	3.590979e+00
7.754080388487750e-02	3.589168e+00
7.778494450987750e-02	3.587358e+00
7.802908513487750e-02	3.585549e+00
7.827322575987750e-02	3.583741e+00
7.851736638487750e-02	3.581933e+00
7.876150700987750e-02	3.580127e+00
7.900564763487750e-02	3.578322e+00
7.924978825987750e-02	3.576517e+00
7.949392888487750e-02	3.574713e+00
7.973806950987750e-02	3.572911e+00
7.998221013487750e-02	3.571109e+00
8.022635075987750e-02	3.569308e+00
8.047049138487750e-02	3.567508e+00
8.071463200987750e-02	3.565709e+00
8.095877263487750e-02	3.563911e+00
8.120291325987750e-02	3.562113e+00
8.144705388487750e-02	3.560317e+00
8.169119450987750e-02	3.558522e+00
8.193533513487750e-02	3.556727e+00
8.217947575987750e-02	3.554933e+00
8.242361638487750e-02	3.553141e+00
8.266775700987750e-02	3.551349e+00
8.291189763487750e-02	3.549558e+00
8.315603825987750e-02	3.547773e+00
8.340017888487750e-02	3.546020e+00
8.364431950987750e-02	3.544433e+00
8.388846013487750e-02	3.543495e+00
8.413260075987750e-02	3.544361e+00
8.437674138487750e-02	3.548675e+00
8.462088200987750e-02	3.557274e+00
8.482343977332886e-02	3.567222e+00
8.504221578764466e-02	3.578724e+00
8.528635641264466e-02	3.589706e+00
8.548680170366850e-02	3.595975e+00
8.566308503982588e-02	3.598935e+00
8.585786685371699e-02	3.600005e+00
8.610200747871699e-02	3.599588e+00
8.634614810371699e-02	3.598258e+00
8.658412705134418e-02	3.596604e+00
8.682826767634418e-02	3.594812e+00
8.707240830134418e-02	3.593002e+00
8.731654892634418e-02	3.591190e+00
8.756068955134418e-02	3.589380e+00
8.780483017634418e-02	3.587569e+00
8.804897080134418e-02	3.585760e+00
8.829311142634418e-02	3.583952e+00
8.853725205134418e-02	3.582144e+00
8.878139267634418e-02	3.580338e+00
8.902553330134418e-02	3.578533e+00
8.926967392634418e-02	3.576728e+00
8.951381455134418e-02	3.574924e+00
8.975795517634418e-02	3.573121e+00
9.024623642634418e-02	3.569518e+00
9.049037705134418e-02	3.567718e+00
9.073451767634418e-02	3.565919e+00
9.097865830134418e-02	3.564121e+00
9.122279892634418e-02	3.562323e+00
9.146693955134418e-02	3.560527e+00
9.171108017634418e-02	3.558731e+00
9.195522080134418e-02	3.556937e+00
9.219936142634418e-02	3.555143e+00
9.244350205134418e-02	3.553350e+00
9.268764267634418e-02	3.551558e+00
9.293178330134418e-02	3.549768e+00
9.317592392634418e-02	3.547983e+00
9.342006455134418e-02	3.546221e+00
9.358632957291491e-02	3.545067e+00
9.372397162555025e-02	3.544216e+00
9.386833271581545e-02	3.543561e+00
9.400579458800587e-02	3.543423e+00
9.416503664666931e-02	3.544445e+00
9.437090810076176e-02	3.548442e+00
9.461504872576176e-02	3.557169e+00
9.484148149976442e-02	3.568279e+00
9.504892416634818e-02	3.579124e+00
9.529306479134818e-02	3.590009e+00
9.549145459535151e-02	3.596127e+00
9.566799766578168e-02	3.599029e+00
9.586238523625548e-02	3.600098e+00
9.606720454589970e-02	3.599866e+00
9.618365699424188e-02	3.599326e+00
9.627846004937528e-02	3.598734e+00
9.637518229906707e-02	3.598073e+00
9.647932289611413e-02	3.597331e+00
9.657856931164335e-02	3.596608e+00
9.668943085361049e-02	3.595791e+00
9.682267359111441e-02	3.594804e+00
9.700803078569348e-02	3.593429e+00
9.725217141069348e-02	3.591618e+00
9.749631203569348e-02	3.589807e+00
9.774045266069348e-02	3.587996e+00
9.798459328569348e-02	3.586187e+00
9.822873391069348e-02	3.584378e+00
9.847287453569348e-02	3.582571e+00
9.871701516069348e-02	3.580764e+00
9.896115578569348e-02	3.578958e+00
9.920529641069348e-02	3.577153e+00
9.944943703569348e-02	3.575349e+00
9.969357766069348e-02	3.573546e+00
9.993771828569348e-02	3.571744e+00
1.001818589106935e-01	3.569943e+00
1.004259995356935e-01	3.568143e+00
1.006701401606935e-01	3.566343e+00
1.009142807856935e-01	3.564545e+00
1.011584214106935e-01	3.562747e+00
1.014025620356935e-01	3.560951e+00
1.016467026606935e-01	3.559155e+00
1.018908432856935e-01	3.557360e+00
1.021349839106935e-01	3.555566e+00
1.023791245356935e-01	3.553773e+00
1.026232651606935e-01	3.551981e+00
1.028674057856935e-01	3.550190e+00
1.031115464106935e-01	3.548403e+00
1.033556870356935e-01	3.546638e+00
1.035998276606935e-01	3.544999e+00
1.038439682856935e-01	3.543878e+00
1.040881089106935e-01	3.544290e+00
1.043322495356935e-01	3.547847e+00
1.045763901606935e-01	3.555605e+00
1.047783269369176e-01	3.565084e+00
1.049968072409464e-01	3.576605e+00
1.052409478659464e-01	3.588061e+00
1.054551610180371e-01	3.595336e+00
1.056306896442599e-01	3.598697e+00
1.058286015865740e-01	3.600092e+00
1.060573311206428e-01	3.599915e+00
1.063014717456428e-01	3.598683e+00
1.065456123706428e-01	3.597022e+00
1.067877917943722e-01	3.595252e+00
1.070319324193722e-01	3.593444e+00
1.072760730443722e-01	3.591632e+00
1.075202136693722e-01	3.589821e+00
1.077643542943722e-01	3.588011e+00
1.080084949193722e-01	3.586201e+00
1.082526355443722e-01	3.584393e+00
1.084967761693722e-01	3.582585e+00
1.087409167943722e-01	3.580778e+00
1.089850574193722e-01	3.578973e+00
1.092291980443722e-01	3.577168e+00
1.094733386693722e-01	3.575364e+00
1.097174792943722e-01	3.573560e+00
1.099616199193722e-01	3.571759e+00
1.102057605443722e-01	3.569957e+00
1.104499011693722e-01	3.568157e+00
1.106940417943722e-01	3.566358e+00
1.109381824193722e-01	3.564559e+00
1.111823230443722e-01	3.562762e+00
1.114264636693722e-01	3.560965e+00
1.116706042943722e-01	3.559169e+00
1.119147449193722e-01	3.557374e+00
1.121588855443722e-01	3.555580e+00
1.124030261693722e-01	3.553787e+00
1.126471667943722e-01	3.551995e+00
1.128913074193722e-01	3.550204e+00
1.131354480443722e-01	3.548418e+00
1.133795886693722e-01	3.546659e+00
1.136237292943722e-01	3.544982e+00
1.137678344868305e-01	3.544143e+00
1.139229545064344e-01	3.543597e+00
1.140685157701912e-01	3.543788e+00
1.142415855474019e-01	3.545762e+00
1.144857261724019e-01	3.552103e+00
1.146907476022930e-01	3.560665e+00
1.149112749532009e-01	3.572131e+00
1.151339251939646e-01	3.583348e+00
1.153780658189646e-01	3.593066e+00
1.155589217281127e-01	3.597625e+00
1.157393027286794e-01	3.599745e+00
1.159307692521692e-01	3.600271e+00
1.160948631112045e-01	3.599859e+00
1.161944319743849e-01	3.599342e+00
1.162901045196613e-01	3.598732e+00
1.163872279612008e-01	3.598064e+00
1.164910759775063e-01	3.597321e+00
1.165906586474669e-01	3.596595e+00
1.166986581018496e-01	3.595799e+00
1.168189698110573e-01	3.594907e+00
1.169608608748931e-01	3.593855e+00
1.171558809503896e-01	3.592408e+00
1.174000215753896e-01	3.590596e+00
1.176441622003896e-01	3.588785e+00
1.178883028253896e-01	3.586976e+00
1.181324434503896e-01	3.585167e+00
1.183765840753896e-01	3.583359e+00
1.186207247003896e-01	3.581552e+00
1.188648653253896e-01	3.579746e+00
1.191090059503896e-01	3.577940e+00
1.193531465753896e-01	3.576136e+00
1.195972872003896e-01	3.574333e+00
1.198414278253896e-01	3.572530e+00
1.200855684503896e-01	3.570728e+00
1.203297090753896e-01	3.568928e+00
1.205738497003896e-01	3.567128e+00
1.208179903253896e-01	3.565329e+00
1.210621309503896e-01	3.563531e+00
1.213062715753896e-01	3.561734e+00
1.215504122003896e-01	3.559938e+00
1.217945528253896e-01	3.558142e+00
1.220386934503896e-01	3.556348e+00
1.222828340753896e-01	3.554555e+00
1.225269747003896e-01	3.552762e+00
1.227711153253896e-01	3.550970e+00
1.230152559503896e-01	3.549181e+00
1.232593965753896e-01	3.547403e+00
1.235035372003896e-01	3.545690e+00
1.237476778253896e-01	3.544284e+00
1.239918184503896e-01	3.543921e+00
1.242359590753896e-01	3.545918e+00
1.244572552109080e-01	3.551150e+00
1.246706550093514e-01	3.559804e+00
1.248967041375995e-01	3.571415e+00
1.251122804652325e-01	3.582391e+00
1.253564210902325e-01	3.592410e+00
1.255410761598446e-01	3.597240e+00
1.257521305858833e-01	3.599791e+00
1.259485724112927e-01	3.600239e+00
1.261927130362927e-01	3.599345e+00
1.264368536612927e-01	3.597825e+00
1.266612149432999e-01	3.596218e+00
1.269053555682999e-01	3.594416e+00
1.271494961932999e-01	3.592605e+00
1.273936368182999e-01	3.590793e+00
1.276377774432999e-01	3.588982e+00
1.278819180682999e-01	3.587172e+00
1.281260586932999e-01	3.585363e+00
1.283701993182999e-01	3.583555e+00
1.286143399432999e-01	3.581748e+00
1.288584805682999e-01	3.579942e+00
1.291026211932999e-01	3.578136e+00
1.293467618182999e-01	3.576332e+00
1.295909024432999e-01	3.574529e+00
1.298350430682999e-01	3.572726e+00
1.300791836932999e-01	3.570924e+00
1.303233243182999e-01	3.569123e+00
1.305674649432999e-01	3.567323e+00
1.308116055682999e-01	3.565524e+00
1.310557461932999e-01	3.563726e+00
1.312998868182999e-01	3.561929e+00
1.315440274432999e-01	3.560133e+00
1.317881680682999e-01	3.558338e+00
1.320323086932999e-01	3.556543e+00
1.322764493182999e-01	3.554749e+00
1.325205899432999e-01	3.552957e+00
1.327647305682999e-01	3.551165e+00
1.330088711932999e-01	3.549376e+00
1.332530118182999e-01	3.547597e+00
1.334971524432999e-01	3.545852e+00
1.336429887545876e-01	3.544871e+00
1.337789636383195e-01	3.544098e+00
1.339203228773445e-01	3.543605e+00
1.340628186818154e-01	3.543771e+00
1.342344551103407e-01	3.545662e+00
1.344785957353407e-01	3.551876e+00
1.346846833721896e-01	3.560390e+00
1.349059308959115e-01	3.571861e+00
1.351266927480912e-01	3.583027e+00
1.353708333730912e-01	3.592848e+00
1.355529245861297e-01	3.597525e+00
1.357327798070073e-01	3.599710e+00
1.359243195735348e-01	3.600261e+00
1.361113820910128e-01	3.599790e+00
1.362029225818470e-01	3.599312e+00
1.362971541263150e-01	3.598705e+00
1.363946374043853e-01	3.598032e+00
1.364984084863015e-01	3.597288e+00
1.365982983527751e-01	3.596558e+00
1.367070210021755e-01	3.595756e+00
1.368423363503683e-01	3.594754e+00
1.370238689391093e-01	3.593407e+00
1.372680095641093e-01	3.591595e+00
1.375121501891093e-01	3.589784e+00
1.377562908141093e-01	3.587974e+00
1.380004314391093e-01	3.586164e+00
1.382445720641093e-01	3.584356e+00
1.384887126891093e-01	3.582548e+00
1.387328533141093e-01	3.580742e+00
1.389769939391093e-01	3.578936e+00
1.392211345641093e-01	3.577131e+00
1.394652751891093e-01	3.575327e+00
1.397094158141093e-01	3.573524e+00
1.399535564391093e-01	3.571722e+00
1.401976970641093e-01	3.569921e+00
1.404418376891093e-01	3.568121e+00
1.406859783141093e-01	3.566321e+00
1.409301189391093e-01	3.564522e+00
1.411742595641093e-01	3.562725e+00
1.414184001891093e-01	3.560928e+00
1.416625408141093e-01	3.559133e+00
1.419066814391093e-01	3.557338e+00
1.421508220641093e-01	3.555544e+00
1.423949626891093e-01	3.553751e+00
1.426391033141093e-01	3.551959e+00
1.428832439391093e-01	3.550168e+00
1.431273845641093e-01	3.548381e+00
1.433715251891093e-01	3.546620e+00
1.436156658141093e-01	3.544997e+00
1.438598064391093e-01	3.543875e+00
1.440771545167780e-01	3.544118e+00
1.442954601586406e-01	3.546966e+00
1.445396007836406e-01	3.554139e+00
1.447418290924866e-01	3.563231e+00
1.449604944917730e-01	3.574735e+00
1.452014042040315e-01	3.586317e+00
1.454455448290315e-01	3.594980e+00
1.456257471638846e-01	3.598627e+00
1.458220655551051e-01	3.600128e+00
1.460177963245742e-01	3.600071e+00
1.462619369495742e-01	3.598910e+00
1.464969209979221e-01	3.597355e+00
1.467297902860094e-01	3.595664e+00
1.469739309110094e-01	3.593857e+00
1.472180715360094e-01	3.592046e+00
1.474622121610094e-01	3.590234e+00
1.477063527860094e-01	3.588424e+00
1.479504934110094e-01	3.586614e+00
1.481946340360094e-01	3.584805e+00
1.484387746610094e-01	3.582998e+00
1.486829152860094e-01	3.581191e+00
1.489270559110094e-01	3.579385e+00
1.491711965360094e-01	3.577580e+00
1.494153371610094e-01	3.575776e+00
1.496594777860094e-01	3.573972e+00
1.499036184110094e-01	3.572170e+00
1.501477590360094e-01	3.570369e+00
1.503918996610094e-01	3.568568e+00
1.506360402860094e-01	3.566768e+00
1.508801809110094e-01	3.564970e+00
1.511243215360094e-01	3.563172e+00
1.513684621610094e-01	3.561375e+00
1.516126027860094e-01	3.559579e+00
1.518567434110094e-01	3.557784e+00
1.521008840360094e-01	3.555990e+00
1.523450246610094e-01	3.554197e+00
1.525891652860094e-01	3.552404e+00
1.528333059110094e-01	3.550613e+00
1.530774465360094e-01	3.548824e+00
1.533215871610094e-01	3.547049e+00
1.535192960069065e-01	3.545650e+00
1.536841739568898e-01	3.544573e+00
1.538218253401100e-01	3.543857e+00
1.539638532268228e-01	3.543519e+00
1.541138413382671e-01	3.544049e+00
1.542999425347346e-01	3.546831e+00
1.545440831597346e-01	3.554225e+00
1.547440389344236e-01	3.563264e+00
1.549610772462897e-01	3.574700e+00
1.552041817257329e-01	3.586373e+00
1.554483223507329e-01	3.595019e+00
1.556243027437152e-01	3.598570e+00
1.558223207774976e-01	3.600088e+00
1.560114222230636e-01	3.600139e+00
1.561290583977596e-01	3.599686e+00
1.562246819626069e-01	3.599133e+00
1.563212505727851e-01	3.598499e+00
1.564186298098738e-01	3.597819e+00
1.565211755352094e-01	3.597080e+00
1.566225234851380e-01	3.596337e+00
1.567337609732145e-01	3.595515e+00
1.568595404030245e-01	3.594583e+00
1.570097991045596e-01	3.593469e+00
1.571972429037418e-01	3.592077e+00
1.574413835287418e-01	3.590266e+00
1.576855241537418e-01	3.588456e+00
1.579296647787418e-01	3.586646e+00
1.581738054037418e-01	3.584837e+00
1.584179460287418e-01	3.583029e+00
1.586620866537418e-01	3.581222e+00
1.589062272787418e-01	3.579416e+00
1.591503679037418e-01	3.577611e+00
1.593945085287418e-01	3.575807e+00
1.596386491537418e-01	3.574004e+00
1.598827897787418e-01	3.572201e+00
1.601269304037418e-01	3.570400e+00
1.603710710287418e-01	3.568599e+00
1.606152116537418e-01	3.566800e+00
1.608593522787418e-01	3.565001e+00
1.611034929037418e-01	3.563203e+00
1.613476335287418e-01	3.561406e+00
1.615917741537418e-01	3.559610e+00
1.618359147787418e-01	3.557815e+00
1.620800554037418e-01	3.556021e+00
1.623241960287418e-01	3.554228e+00
1.625683366537418e-01	3.552435e+00
1.628124772787418e-01	3.550644e+00
1.630566179037418e-01	3.548856e+00
1.633007585287418e-01	3.547082e+00
1.635448991537418e-01	3.545396e+00
1.637890397787418e-01	3.544096e+00
1.640331804037418e-01	3.544034e+00
1.642773210287418e-01	3.546654e+00
1.645050559890432e-01	3.552794e+00
1.647106799094916e-01	3.561700e+00
1.649316154364963e-01	3.573250e+00
1.651603208221082e-01	3.584576e+00
1.654044614471082e-01	3.593901e+00
1.655811117735074e-01	3.597979e+00
1.657864600498252e-01	3.599972e+00
1.659904207459151e-01	3.600152e+00
1.662345613709151e-01	3.599102e+00
1.664787019959151e-01	3.597519e+00
1.667010715981350e-01	3.595911e+00
1.669452122231350e-01	3.594106e+00
1.671893528481350e-01	3.592295e+00
1.674334934731350e-01	3.590483e+00
1.676776340981350e-01	3.588672e+00
1.679217747231350e-01	3.586863e+00
1.681659153481350e-01	3.585054e+00
1.684100559731350e-01	3.583246e+00
1.686541965981350e-01	3.581439e+00
1.688983372231350e-01	3.579633e+00
1.691424778481350e-01	3.577827e+00
1.693866184731350e-01	3.576023e+00
1.696307590981350e-01	3.574220e+00
1.698748997231350e-01	3.572417e+00
1.701190403481350e-01	3.570616e+00
1.703631809731350e-01	3.568815e+00
1.706073215981350e-01	3.567015e+00
1.708514622231350e-01	3.565216e+00
1.710956028481350e-01	3.563419e+00
1.713397434731350e-01	3.561622e+00
1.715838840981350e-01	3.559825e+00
1.718280247231350e-01	3.558030e+00
1.720721653481350e-01	3.556236e+00
1.723163059731350e-01	3.554443e+00
1.725604465981350e-01	3.552650e+00
1.728045872231350e-01	3.550859e+00
1.730487278481350e-01	3.549070e+00
1.732928684731350e-01	3.547291e+00
1.734796169919178e-01	3.545953e+00
1.736210570504307e-01	3.544992e+00
1.737532691387582e-01	3.544206e+00
1.738905388474417e-01	3.543646e+00
1.740300585710551e-01	3.543628e+00
1.741933576433548e-01	3.544972e+00
1.744151016388987e-01	3.549760e+00
1.746303979076847e-01	3.557876e+00
1.748576907847098e-01	3.569275e+00
1.750662581526453e-01	3.580108e+00
1.753103987776453e-01	3.590759e+00
1.755045914352249e-01	3.596524e+00
1.756815665676703e-01	3.599262e+00
1.758750238451344e-01	3.600201e+00
1.760852179260863e-01	3.599895e+00
1.761786845899143e-01	3.599453e+00
1.762722915425582e-01	3.598866e+00
1.763694643508469e-01	3.598204e+00
1.764747831653474e-01	3.597455e+00
1.765734761502158e-01	3.596736e+00
1.766799310457338e-01	3.595952e+00
1.767975291119012e-01	3.595082e+00
1.769353264408898e-01	3.594060e+00
1.771027680941263e-01	3.592817e+00
1.773430924687643e-01	3.591034e+00
1.775872330937643e-01	3.589223e+00
1.778313737187643e-01	3.587413e+00
1.780755143437643e-01	3.585604e+00
1.783196549687643e-01	3.583795e+00
1.785637955937643e-01	3.581988e+00
1.788079362187643e-01	3.580182e+00
1.790520768437643e-01	3.578376e+00
1.792962174687643e-01	3.576572e+00
1.795403580937643e-01	3.574768e+00
1.797844987187643e-01	3.572965e+00
1.800286393437643e-01	3.571164e+00
1.802727799687643e-01	3.569363e+00
1.805169205937643e-01	3.567562e+00
1.807610612187643e-01	3.565763e+00
1.810052018437643e-01	3.563965e+00
1.812493424687643e-01	3.562168e+00
1.814934830937643e-01	3.560372e+00
1.817376237187643e-01	3.558576e+00
1.819817643437643e-01	3.556781e+00
1.822259049687643e-01	3.554988e+00
1.824700455937643e-01	3.553195e+00
1.827141862187643e-01	3.551403e+00
1.829583268437643e-01	3.549613e+00
1.832024674687643e-01	3.547830e+00
1.834466080937643e-01	3.546091e+00
1.836907487187643e-01	3.544573e+00
1.839348893437643e-01	3.543862e+00
1.841790299687643e-01	3.545243e+00
1.844231705937643e-01	3.550343e+00
1.846673112187643e-01	3.559776e+00
1.848977145473083e-01	3.571462e+00
1.851094986386984e-01	3.582253e+00
1.853536392636984e-01	3.592308e+00
1.855388281646456e-01	3.597276e+00
1.857175920327471e-01	3.599615e+00
1.859094348545287e-01	3.600228e+00
1.861535754795287e-01	3.599511e+00
1.863977161045287e-01	3.598063e+00
1.866285202917920e-01	3.596428e+00
1.868726609167920e-01	3.594629e+00
1.871168015417920e-01	3.592818e+00
1.873609421667920e-01	3.591007e+00
1.876050827917920e-01	3.589196e+00
1.878492234167920e-01	3.587385e+00
1.880933640417920e-01	3.585576e+00
1.883375046667920e-01	3.583768e+00
1.885816452917920e-01	3.581961e+00
1.888257859167920e-01	3.580155e+00
1.890699265417920e-01	3.578349e+00
1.893140671667920e-01	3.576545e+00
1.895582077917920e-01	3.574741e+00
1.898023484167920e-01	3.572938e+00
1.900464890417920e-01	3.571136e+00
1.902906296667920e-01	3.569335e+00
1.905347702917920e-01	3.567535e+00
1.907789109167920e-01	3.565736e+00
1.910230515417920e-01	3.563938e+00
1.912671921667920e-01	3.562141e+00
1.915113327917920e-01	3.560345e+00
1.917554734167920e-01	3.558549e+00
1.919996140417920e-01	3.556754e+00
1.922437546667920e-01	3.554961e+00
1.924878952917920e-01	3.553168e+00
1.927320359167920e-01	3.551376e+00
1.929761765417920e-01	3.549586e+00
1.932203171667920e-01	3.547802e+00
1.934261529810894e-01	3.546318e+00
1.935819747646440e-01	3.545236e+00
1.937163046214574e-01	3.544397e+00
1.938571128992494e-01	3.543735e+00
1.939935448626765e-01	3.543543e+00
1.941500660524840e-01	3.544407e+00
1.943493153754126e-01	3.547998e+00
1.945934560004126e-01	3.556280e+00
1.947968231923974e-01	3.566005e+00
1.950123366650918e-01	3.577370e+00
1.952564772900918e-01	3.588671e+00
1.954654376787739e-01	3.595580e+00
1.956412211815954e-01	3.598806e+00
1.958379729758321e-01	3.600139e+00
1.960341081827787e-01	3.600068e+00
1.961624225719299e-01	3.599522e+00
1.962577451246535e-01	3.598946e+00
1.963539860157515e-01	3.598298e+00
1.964595167981646e-01	3.597550e+00
1.965580096353280e-01	3.596835e+00
1.966713024013819e-01	3.596001e+00
1.968065323643240e-01	3.595001e+00
1.969938710914251e-01	3.593611e+00
1.972380117164251e-01	3.591799e+00
1.974821523414251e-01	3.589988e+00
1.977262929664251e-01	3.588178e+00
1.979704335914251e-01	3.586368e+00
1.982145742164251e-01	3.584560e+00
1.984587148414251e-01	3.582752e+00
1.987028554664251e-01	3.580945e+00
1.989469960914251e-01	3.579139e+00
1.991911367164251e-01	3.577334e+00
1.994352773414251e-01	3.575530e+00
1.996794179664251e-01	3.573727e+00
1.999235585914251e-01	3.571925e+00
2.001676992164251e-01	3.570124e+00
2.004118398414251e-01	3.568323e+00
2.006559804664251e-01	3.566524e+00
2.009001210914251e-01	3.564725e+00
2.011442617164251e-01	3.562927e+00
2.013884023414251e-01	3.561131e+00
2.016325429664251e-01	3.559335e+00
2.018766835914251e-01	3.557540e+00
2.021208242164251e-01	3.555746e+00
2.023649648414251e-01	3.553952e+00
2.026091054664251e-01	3.552160e+00
2.028532460914251e-01	3.550369e+00
2.030973867164251e-01	3.548582e+00
2.033415273414251e-01	3.546815e+00
2.035856679664251e-01	3.545161e+00
2.038298085914251e-01	3.543989e+00
2.040739492164251e-01	3.544270e+00
2.043180898414251e-01	3.547596e+00
2.045622304664251e-01	3.555087e+00
2.047646904346569e-01	3.564438e+00
2.049835444753694e-01	3.575966e+00
2.052276851003694e-01	3.587544e+00
2.054466753032033e-01	3.595144e+00
2.056220551780163e-01	3.598617e+00
2.058210340615348e-01	3.600106e+00
2.060452817805479e-01	3.599993e+00
2.062894224055479e-01	3.598790e+00
2.065335630305479e-01	3.597141e+00
2.067728827310627e-01	3.595395e+00
2.070170233560627e-01	3.593587e+00
2.072611639810627e-01	3.591775e+00
2.075053046060627e-01	3.589964e+00
2.077494452310627e-01	3.588153e+00
2.079935858560627e-01	3.586344e+00
2.082377264810627e-01	3.584535e+00
2.084818671060627e-01	3.582728e+00
2.087260077310627e-01	3.580921e+00
2.089701483560627e-01	3.579115e+00
2.092142889810627e-01	3.577310e+00
2.094584296060627e-01	3.575506e+00
2.097025702310627e-01	3.573703e+00
2.099467108560627e-01	3.571901e+00
2.101908514810627e-01	3.570099e+00
2.104349921060627e-01	3.568299e+00
2.106791327310627e-01	3.566500e+00
2.109232733560627e-01	3.564701e+00
2.111674139810627e-01	3.562903e+00
2.114115546060627e-01	3.561106e+00
2.116556952310627e-01	3.559311e+00
2.118998358560627e-01	3.557516e+00
2.121439764810627e-01	3.555722e+00
2.123881171060627e-01	3.553929e+00
2.126322577310627e-01	3.552136e+00
2.128763983560627e-01	3.550345e+00
2.131205389810627e-01	3.548558e+00
2.133646796060627e-01	3.546796e+00
2.136088202310627e-01	3.545108e+00
2.137518664387054e-01	3.544254e+00
2.139074934076081e-01	3.543654e+00
2.140511390459831e-01	3.543738e+00
2.142200732634295e-01	3.545431e+00
2.144577419766842e-01	3.551167e+00
2.146663618004737e-01	3.559538e+00
2.148892898772735e-01	3.570987e+00
2.151053549765714e-01	3.582034e+00
2.153494956015714e-01	3.592157e+00
2.155354836352264e-01	3.597199e+00
2.157140353284376e-01	3.599576e+00
2.159059997996310e-01	3.600254e+00
2.161096147819754e-01	3.599799e+00
2.162112210098135e-01	3.599276e+00
2.163055002530862e-01	3.598666e+00
2.164030548724988e-01	3.597989e+00
2.165059996134998e-01	3.597250e+00
2.166065617385939e-01	3.596514e+00
2.167160425485976e-01	3.595706e+00
2.168392197404122e-01	3.594794e+00
2.170110358074955e-01	3.593519e+00
2.172551764324955e-01	3.591707e+00
2.174993170574955e-01	3.589896e+00
2.177434576824955e-01	3.588085e+00
2.179875983074955e-01	3.586276e+00
2.182317389324955e-01	3.584467e+00
2.184758795574955e-01	3.582660e+00
2.187200201824955e-01	3.580853e+00
2.189641608074955e-01	3.579047e+00
2.192083014324955e-01	3.577242e+00
2.194524420574955e-01	3.575438e+00
2.196965826824955e-01	3.573635e+00
2.199407233074955e-01	3.571833e+00
2.201848639324955e-01	3.570032e+00
2.204290045574955e-01	3.568231e+00
2.206731451824955e-01	3.566432e+00
2.209172858074955e-01	3.564633e+00
2.211614264324955e-01	3.562836e+00
2.214055670574955e-01	3.561039e+00
2.216497076824955e-01	3.559243e+00
2.218938483074955e-01	3.557448e+00
2.221379889324955e-01	3.555654e+00
2.223821295574955e-01	3.553861e+00
2.226262701824955e-01	3.552069e+00
2.228704108074955e-01	3.550278e+00
2.231145514324955e-01	3.548491e+00
2.233586920574955e-01	3.546727e+00
2.236028326824955e-01	3.545091e+00
2.238469733074955e-01	3.543979e+00
2.240911139324955e-01	3.544417e+00
2.243352545574955e-01	3.548017e+00
2.245793951824955e-01	3.555822e+00
2.247812727705663e-01	3.565319e+00
2.249997094348633e-01	3.576828e+00
2.252438500598633e-01	3.588247e+00
2.254570767845965e-01	3.595447e+00
2.256326195814402e-01	3.598779e+00
2.258302962435345e-01	3.600148e+00
2.260622841731613e-01	3.599950e+00
2.263064247981613e-01	3.598708e+00
2.265505654231613e-01	3.597042e+00
2.267947060481613e-01	3.595257e+00
2.270388466731613e-01	3.593448e+00
2.272829872981613e-01	3.591636e+00
2.275271279231613e-01	3.589825e+00
2.277712685481613e-01	3.588015e+00
2.280154091731613e-01	3.586205e+00
2.282595497981613e-01	3.584397e+00
2.285036904231613e-01	3.582589e+00
2.287478310481613e-01	3.580783e+00
2.289919716731613e-01	3.578977e+00
2.292361122981613e-01	3.577172e+00
2.294802529231613e-01	3.575368e+00
2.297243935481613e-01	3.573565e+00
2.299685341731613e-01	3.571763e+00
2.302126747981613e-01	3.569962e+00
2.304568154231613e-01	3.568161e+00
2.307009560481613e-01	3.566362e+00
2.309450966731613e-01	3.564563e+00
2.311892372981613e-01	3.562766e+00
2.314333779231613e-01	3.560969e+00
2.316775185481613e-01	3.559173e+00
2.319216591731613e-01	3.557378e+00
2.321657997981613e-01	3.555584e+00
2.324099404231613e-01	3.553791e+00
2.326540810481613e-01	3.551999e+00
2.328982216731613e-01	3.550208e+00
2.331423622981613e-01	3.548422e+00
2.333865029231613e-01	3.546657e+00
2.335864521044735e-01	3.545265e+00
2.337253078265156e-01	3.544408e+00
2.338750924272670e-01	3.543741e+00
2.340139700204859e-01	3.543635e+00
2.341750003043487e-01	3.544761e+00
2.343855341484082e-01	3.549033e+00
2.346296747734082e-01	3.557970e+00
2.348518370021432e-01	3.568970e+00
2.350620944824052e-01	3.579912e+00
2.353062351074052e-01	3.590617e+00
2.355014400771331e-01	3.596465e+00
2.356782741367936e-01	3.599239e+00
2.358719357080317e-01	3.600209e+00
2.360807388800843e-01	3.599906e+00
2.361990322384336e-01	3.599337e+00
2.362937043568870e-01	3.598734e+00
2.364044708939228e-01	3.597969e+00
2.365057626313073e-01	3.597243e+00
2.366101299786792e-01	3.596479e+00
2.367420961201583e-01	3.595504e+00
2.369107856470827e-01	3.594254e+00
2.371549262720827e-01	3.592442e+00
2.373990668970827e-01	3.590631e+00
2.376432075220827e-01	3.588820e+00
2.378873481470827e-01	3.587010e+00
2.381314887720827e-01	3.585201e+00
2.383756293970827e-01	3.583393e+00
2.386197700220827e-01	3.581586e+00
2.388639106470827e-01	3.579780e+00
2.391080512720827e-01	3.577975e+00
2.393521918970827e-01	3.576170e+00
2.395963325220827e-01	3.574367e+00
2.398404731470827e-01	3.572564e+00
2.400846137720827e-01	3.570763e+00
2.403287543970827e-01	3.568962e+00
2.405728950220827e-01	3.567162e+00
2.408170356470827e-01	3.565363e+00
2.410611762720827e-01	3.563565e+00
2.413053168970827e-01	3.561768e+00
2.415494575220827e-01	3.559972e+00
2.417935981470827e-01	3.558177e+00
2.420377387720827e-01	3.556382e+00
2.422818793970827e-01	3.554589e+00
2.425260200220827e-01	3.552796e+00
2.427701606470827e-01	3.551005e+00
2.430143012720827e-01	3.549215e+00
2.432584418970827e-01	3.547437e+00
2.435025825220827e-01	3.545724e+00
2.437467231470827e-01	3.544316e+00
2.439908637720827e-01	3.543945e+00
2.442350043970827e-01	3.546044e+00
2.444791450220827e-01	3.552024e+00
2.446923820617269e-01	3.560876e+00
2.449183713327234e-01	3.572590e+00
2.451384292895690e-01	3.583629e+00
2.453825699145690e-01	3.593257e+00
2.455648642764552e-01	3.597766e+00
2.457503598601887e-01	3.599864e+00
2.459394226012927e-01	3.600253e+00
2.461835632262927e-01	3.599385e+00
2.464277038512927e-01	3.597879e+00
2.466647572073671e-01	3.596184e+00
2.469088978323671e-01	3.594383e+00
2.471530384573671e-01	3.592571e+00
2.473971790823671e-01	3.590760e+00
2.476413197073671e-01	3.588949e+00
2.478854603323671e-01	3.587139e+00
2.481296009573671e-01	3.585330e+00
2.483737415823671e-01	3.583522e+00
2.486178822073671e-01	3.581715e+00
2.488620228323671e-01	3.579909e+00
2.491061634573671e-01	3.578103e+00
2.493503040823671e-01	3.576299e+00
2.495944447073671e-01	3.574496e+00
2.498385853323671e-01	3.572693e+00
2.500000000000000e-01	3.571501e+00
