V1	V(N002,N003)	Ix(D1:+)
-5.000000000000000e+00	-4.999997e+00	-1.362432e-08
-4.990000000000000e+00	-4.989997e+00	-1.362346e-08
-4.980000000000000e+00	-4.979997e+00	-1.362259e-08
-4.970000000000000e+00	-4.969997e+00	-1.362172e-08
-4.960000000000000e+00	-4.959997e+00	-1.362086e-08
-4.950000000000000e+00	-4.949997e+00	-1.361999e-08
-4.940000000000000e+00	-4.939997e+00	-1.361913e-08
-4.930000000000000e+00	-4.929997e+00	-1.361826e-08
-4.920000000000000e+00	-4.919997e+00	-1.361739e-08
-4.910000000000000e+00	-4.909997e+00	-1.361653e-08
-4.900000000000000e+00	-4.899997e+00	-1.361566e-08
-4.890000000000000e+00	-4.889997e+00	-1.361479e-08
-4.880000000000000e+00	-4.879997e+00	-1.361393e-08
-4.870000000000000e+00	-4.869998e+00	-1.361306e-08
-4.860000000000000e+00	-4.859997e+00	-1.361219e-08
-4.850000000000000e+00	-4.849997e+00	-1.361132e-08
-4.840000000000000e+00	-4.839997e+00	-1.361046e-08
-4.830000000000000e+00	-4.829997e+00	-1.360959e-08
-4.820000000000000e+00	-4.819997e+00	-1.360872e-08
-4.810000000000000e+00	-4.809997e+00	-1.360785e-08
-4.800000000000000e+00	-4.799997e+00	-1.360698e-08
-4.790000000000000e+00	-4.789997e+00	-1.360612e-08
-4.780000000000000e+00	-4.779997e+00	-1.360525e-08
-4.770000000000000e+00	-4.769997e+00	-1.360438e-08
-4.760000000000000e+00	-4.759997e+00	-1.360351e-08
-4.750000000000000e+00	-4.749997e+00	-1.360264e-08
-4.740000000000000e+00	-4.739997e+00	-1.360177e-08
-4.730000000000000e+00	-4.729997e+00	-1.360090e-08
-4.720000000000000e+00	-4.719997e+00	-1.360003e-08
-4.710000000000000e+00	-4.709997e+00	-1.359916e-08
-4.700000000000000e+00	-4.699997e+00	-1.359829e-08
-4.690000000000000e+00	-4.689997e+00	-1.359742e-08
-4.680000000000000e+00	-4.679997e+00	-1.359655e-08
-4.670000000000000e+00	-4.669997e+00	-1.359568e-08
-4.660000000000000e+00	-4.659997e+00	-1.359481e-08
-4.650000000000000e+00	-4.649997e+00	-1.359394e-08
-4.640000000000000e+00	-4.639997e+00	-1.359307e-08
-4.630000000000000e+00	-4.629997e+00	-1.359220e-08
-4.620000000000000e+00	-4.619998e+00	-1.359133e-08
-4.610000000000000e+00	-4.609997e+00	-1.359046e-08
-4.600000000000000e+00	-4.599998e+00	-1.358959e-08
-4.590000000000000e+00	-4.589997e+00	-1.358871e-08
-4.580000000000000e+00	-4.579997e+00	-1.358784e-08
-4.570000000000000e+00	-4.569997e+00	-1.358697e-08
-4.560000000000000e+00	-4.559997e+00	-1.358610e-08
-4.550000000000000e+00	-4.549997e+00	-1.358523e-08
-4.540000000000000e+00	-4.539997e+00	-1.358435e-08
-4.530000000000000e+00	-4.529997e+00	-1.358348e-08
-4.520000000000000e+00	-4.519997e+00	-1.358261e-08
-4.510000000000000e+00	-4.509997e+00	-1.358174e-08
-4.500000000000000e+00	-4.499997e+00	-1.358086e-08
-4.490000000000000e+00	-4.489997e+00	-1.357999e-08
-4.480000000000000e+00	-4.479997e+00	-1.357912e-08
-4.470000000000000e+00	-4.469997e+00	-1.357824e-08
-4.460000000000000e+00	-4.459997e+00	-1.357737e-08
-4.450000000000000e+00	-4.449997e+00	-1.357649e-08
-4.440000000000000e+00	-4.439997e+00	-1.357562e-08
-4.430000000000000e+00	-4.429997e+00	-1.357475e-08
-4.420000000000000e+00	-4.419997e+00	-1.357387e-08
-4.410000000000000e+00	-4.409997e+00	-1.357300e-08
-4.400000000000000e+00	-4.399997e+00	-1.357212e-08
-4.390000000000000e+00	-4.389997e+00	-1.357125e-08
-4.380000000000000e+00	-4.379997e+00	-1.357037e-08
-4.370000000000000e+00	-4.369998e+00	-1.356950e-08
-4.360000000000000e+00	-4.359997e+00	-1.356862e-08
-4.350000000000000e+00	-4.349998e+00	-1.356775e-08
-4.340000000000000e+00	-4.339997e+00	-1.356687e-08
-4.330000000000000e+00	-4.329997e+00	-1.356599e-08
-4.320000000000000e+00	-4.319997e+00	-1.356512e-08
-4.310000000000000e+00	-4.309997e+00	-1.356424e-08
-4.300000000000000e+00	-4.299997e+00	-1.356336e-08
-4.290000000000000e+00	-4.289997e+00	-1.356249e-08
-4.280000000000000e+00	-4.279997e+00	-1.356161e-08
-4.270000000000000e+00	-4.269997e+00	-1.356073e-08
-4.260000000000000e+00	-4.259997e+00	-1.355986e-08
-4.250000000000000e+00	-4.249997e+00	-1.355898e-08
-4.240000000000000e+00	-4.239997e+00	-1.355810e-08
-4.230000000000000e+00	-4.229997e+00	-1.355722e-08
-4.220000000000000e+00	-4.219997e+00	-1.355635e-08
-4.210000000000000e+00	-4.209997e+00	-1.355547e-08
-4.200000000000000e+00	-4.199997e+00	-1.355459e-08
-4.190000000000000e+00	-4.189997e+00	-1.355371e-08
-4.180000000000000e+00	-4.179997e+00	-1.355283e-08
-4.170000000000000e+00	-4.169997e+00	-1.355195e-08
-4.160000000000000e+00	-4.159997e+00	-1.355107e-08
-4.150000000000000e+00	-4.149997e+00	-1.355019e-08
-4.140000000000000e+00	-4.139997e+00	-1.354931e-08
-4.130000000000000e+00	-4.129997e+00	-1.354844e-08
-4.120000000000000e+00	-4.119998e+00	-1.354756e-08
-4.110000000000000e+00	-4.109997e+00	-1.354667e-08
-4.100000000000000e+00	-4.099998e+00	-1.354579e-08
-4.090000000000000e+00	-4.089997e+00	-1.354491e-08
-4.080000000000000e+00	-4.079997e+00	-1.354403e-08
-4.070000000000000e+00	-4.069997e+00	-1.354315e-08
-4.060000000000000e+00	-4.059997e+00	-1.354227e-08
-4.050000000000000e+00	-4.049997e+00	-1.354139e-08
-4.040000000000000e+00	-4.039997e+00	-1.354051e-08
-4.030000000000000e+00	-4.029997e+00	-1.353963e-08
-4.020000000000000e+00	-4.019997e+00	-1.353875e-08
-4.010000000000000e+00	-4.009997e+00	-1.353786e-08
-4.000000000000000e+00	-3.999997e+00	-1.353698e-08
-3.990000000000000e+00	-3.989997e+00	-1.353610e-08
-3.980000000000000e+00	-3.979997e+00	-1.353522e-08
-3.970000000000000e+00	-3.969997e+00	-1.353433e-08
-3.960000000000000e+00	-3.959997e+00	-1.353345e-08
-3.950000000000000e+00	-3.949997e+00	-1.353257e-08
-3.940000000000000e+00	-3.939997e+00	-1.353168e-08
-3.930000000000000e+00	-3.929997e+00	-1.353080e-08
-3.920000000000000e+00	-3.919997e+00	-1.352992e-08
-3.910000000000000e+00	-3.909997e+00	-1.352903e-08
-3.900000000000000e+00	-3.899997e+00	-1.352815e-08
-3.890000000000000e+00	-3.889997e+00	-1.352726e-08
-3.880000000000000e+00	-3.879997e+00	-1.352638e-08
-3.870000000000000e+00	-3.869997e+00	-1.352549e-08
-3.860000000000000e+00	-3.859997e+00	-1.352461e-08
-3.850000000000000e+00	-3.849997e+00	-1.352372e-08
-3.840000000000000e+00	-3.839997e+00	-1.352284e-08
-3.830000000000000e+00	-3.829997e+00	-1.352195e-08
-3.820000000000000e+00	-3.819997e+00	-1.352107e-08
-3.810000000000000e+00	-3.809997e+00	-1.352018e-08
-3.800000000000000e+00	-3.799997e+00	-1.351929e-08
-3.790000000000000e+00	-3.789997e+00	-1.351841e-08
-3.780000000000000e+00	-3.779997e+00	-1.351752e-08
-3.770000000000000e+00	-3.769997e+00	-1.351663e-08
-3.760000000000000e+00	-3.759997e+00	-1.351575e-08
-3.750000000000000e+00	-3.749997e+00	-1.351486e-08
-3.740000000000000e+00	-3.739997e+00	-1.351397e-08
-3.730000000000000e+00	-3.729997e+00	-1.351308e-08
-3.720000000000000e+00	-3.719997e+00	-1.351219e-08
-3.710000000000000e+00	-3.709997e+00	-1.351131e-08
-3.700000000000000e+00	-3.699997e+00	-1.351042e-08
-3.690000000000000e+00	-3.689997e+00	-1.350953e-08
-3.680000000000000e+00	-3.679997e+00	-1.350864e-08
-3.670000000000000e+00	-3.669997e+00	-1.350775e-08
-3.660000000000000e+00	-3.659997e+00	-1.350686e-08
-3.650000000000000e+00	-3.649997e+00	-1.350597e-08
-3.640000000000000e+00	-3.639997e+00	-1.350508e-08
-3.630000000000000e+00	-3.629997e+00	-1.350419e-08
-3.620000000000000e+00	-3.619997e+00	-1.350330e-08
-3.610000000000000e+00	-3.609997e+00	-1.350241e-08
-3.600000000000000e+00	-3.599997e+00	-1.350152e-08
-3.590000000000000e+00	-3.589997e+00	-1.350063e-08
-3.580000000000000e+00	-3.579997e+00	-1.349974e-08
-3.570000000000000e+00	-3.569997e+00	-1.349884e-08
-3.560000000000000e+00	-3.559997e+00	-1.349795e-08
-3.550000000000000e+00	-3.549997e+00	-1.349706e-08
-3.540000000000000e+00	-3.539997e+00	-1.349617e-08
-3.530000000000000e+00	-3.529997e+00	-1.349528e-08
-3.520000000000000e+00	-3.519997e+00	-1.349438e-08
-3.510000000000000e+00	-3.509997e+00	-1.349349e-08
-3.500000000000000e+00	-3.499997e+00	-1.349260e-08
-3.490000000000000e+00	-3.489997e+00	-1.349170e-08
-3.480000000000000e+00	-3.479997e+00	-1.349081e-08
-3.470000000000000e+00	-3.469997e+00	-1.348991e-08
-3.460000000000000e+00	-3.459997e+00	-1.348902e-08
-3.450000000000000e+00	-3.449997e+00	-1.348813e-08
-3.440000000000000e+00	-3.439997e+00	-1.348723e-08
-3.430000000000000e+00	-3.429997e+00	-1.348634e-08
-3.420000000000000e+00	-3.419997e+00	-1.348544e-08
-3.410000000000000e+00	-3.409997e+00	-1.348455e-08
-3.400000000000000e+00	-3.399997e+00	-1.348365e-08
-3.390000000000000e+00	-3.389997e+00	-1.348275e-08
-3.380000000000000e+00	-3.379997e+00	-1.348186e-08
-3.370000000000000e+00	-3.369997e+00	-1.348096e-08
-3.360000000000000e+00	-3.359997e+00	-1.348006e-08
-3.350000000000000e+00	-3.349997e+00	-1.347917e-08
-3.340000000000000e+00	-3.339997e+00	-1.347827e-08
-3.330000000000000e+00	-3.329997e+00	-1.347737e-08
-3.320000000000000e+00	-3.319997e+00	-1.347647e-08
-3.310000000000000e+00	-3.309997e+00	-1.347557e-08
-3.300000000000000e+00	-3.299997e+00	-1.347468e-08
-3.290000000000000e+00	-3.289997e+00	-1.347378e-08
-3.280000000000000e+00	-3.279997e+00	-1.347288e-08
-3.270000000000000e+00	-3.269997e+00	-1.347198e-08
-3.260000000000000e+00	-3.259997e+00	-1.347108e-08
-3.250000000000000e+00	-3.249997e+00	-1.347018e-08
-3.240000000000000e+00	-3.239997e+00	-1.346928e-08
-3.230000000000000e+00	-3.229997e+00	-1.346838e-08
-3.220000000000000e+00	-3.219997e+00	-1.346748e-08
-3.210000000000000e+00	-3.209997e+00	-1.346658e-08
-3.200000000000000e+00	-3.199997e+00	-1.346568e-08
-3.190000000000000e+00	-3.189997e+00	-1.346477e-08
-3.180000000000000e+00	-3.179997e+00	-1.346387e-08
-3.170000000000000e+00	-3.169997e+00	-1.346297e-08
-3.160000000000000e+00	-3.159997e+00	-1.346207e-08
-3.150000000000000e+00	-3.149997e+00	-1.346117e-08
-3.140000000000000e+00	-3.139997e+00	-1.346026e-08
-3.130000000000000e+00	-3.129997e+00	-1.345936e-08
-3.120000000000000e+00	-3.119997e+00	-1.345846e-08
-3.110000000000000e+00	-3.109997e+00	-1.345755e-08
-3.100000000000000e+00	-3.099997e+00	-1.345665e-08
-3.090000000000000e+00	-3.089997e+00	-1.345574e-08
-3.080000000000000e+00	-3.079997e+00	-1.345484e-08
-3.070000000000000e+00	-3.069997e+00	-1.345393e-08
-3.060000000000000e+00	-3.059997e+00	-1.345303e-08
-3.050000000000000e+00	-3.049997e+00	-1.345212e-08
-3.040000000000000e+00	-3.039997e+00	-1.345122e-08
-3.030000000000000e+00	-3.029997e+00	-1.345031e-08
-3.020000000000000e+00	-3.019997e+00	-1.344940e-08
-3.010000000000000e+00	-3.009997e+00	-1.344850e-08
-3.000000000000000e+00	-2.999997e+00	-1.344759e-08
-2.990000000000000e+00	-2.989997e+00	-1.344668e-08
-2.980000000000000e+00	-2.979997e+00	-1.344577e-08
-2.970000000000000e+00	-2.969997e+00	-1.344486e-08
-2.960000000000000e+00	-2.959997e+00	-1.344396e-08
-2.950000000000000e+00	-2.949997e+00	-1.344305e-08
-2.940000000000000e+00	-2.939997e+00	-1.344214e-08
-2.930000000000000e+00	-2.929997e+00	-1.344123e-08
-2.920000000000000e+00	-2.919997e+00	-1.344032e-08
-2.910000000000000e+00	-2.909997e+00	-1.343941e-08
-2.900000000000000e+00	-2.899997e+00	-1.343850e-08
-2.890000000000000e+00	-2.889997e+00	-1.343759e-08
-2.880000000000000e+00	-2.879997e+00	-1.343668e-08
-2.870000000000000e+00	-2.869997e+00	-1.343576e-08
-2.860000000000000e+00	-2.859997e+00	-1.343485e-08
-2.850000000000000e+00	-2.849997e+00	-1.343394e-08
-2.840000000000000e+00	-2.839997e+00	-1.343303e-08
-2.830000000000000e+00	-2.829997e+00	-1.343211e-08
-2.820000000000000e+00	-2.819997e+00	-1.343120e-08
-2.810000000000000e+00	-2.809997e+00	-1.343029e-08
-2.800000000000000e+00	-2.799997e+00	-1.342937e-08
-2.790000000000000e+00	-2.789997e+00	-1.342846e-08
-2.780000000000000e+00	-2.779997e+00	-1.342754e-08
-2.770000000000000e+00	-2.769997e+00	-1.342663e-08
-2.760000000000000e+00	-2.759997e+00	-1.342571e-08
-2.750000000000000e+00	-2.749997e+00	-1.342480e-08
-2.740000000000000e+00	-2.739997e+00	-1.342388e-08
-2.730000000000000e+00	-2.729997e+00	-1.342297e-08
-2.720000000000000e+00	-2.719997e+00	-1.342205e-08
-2.710000000000000e+00	-2.709997e+00	-1.342113e-08
-2.700000000000000e+00	-2.699997e+00	-1.342021e-08
-2.690000000000000e+00	-2.689997e+00	-1.341930e-08
-2.680000000000000e+00	-2.679997e+00	-1.341838e-08
-2.670000000000000e+00	-2.669997e+00	-1.341746e-08
-2.660000000000000e+00	-2.659997e+00	-1.341654e-08
-2.650000000000000e+00	-2.649997e+00	-1.341562e-08
-2.640000000000000e+00	-2.639997e+00	-1.341470e-08
-2.630000000000000e+00	-2.629997e+00	-1.341378e-08
-2.620000000000000e+00	-2.619997e+00	-1.341286e-08
-2.610000000000000e+00	-2.609997e+00	-1.341194e-08
-2.600000000000000e+00	-2.599997e+00	-1.341102e-08
-2.590000000000000e+00	-2.589997e+00	-1.341010e-08
-2.580000000000000e+00	-2.579997e+00	-1.340917e-08
-2.570000000000000e+00	-2.569997e+00	-1.340825e-08
-2.560000000000000e+00	-2.559997e+00	-1.340733e-08
-2.550000000000000e+00	-2.549997e+00	-1.340640e-08
-2.540000000000000e+00	-2.539997e+00	-1.340548e-08
-2.530000000000000e+00	-2.529997e+00	-1.340456e-08
-2.520000000000000e+00	-2.519997e+00	-1.340363e-08
-2.510000000000000e+00	-2.509997e+00	-1.340271e-08
-2.500000000000000e+00	-2.499997e+00	-1.340178e-08
-2.490000000000000e+00	-2.489997e+00	-1.340085e-08
-2.480000000000000e+00	-2.479997e+00	-1.339993e-08
-2.470000000000000e+00	-2.469997e+00	-1.339900e-08
-2.460000000000000e+00	-2.459997e+00	-1.339807e-08
-2.450000000000000e+00	-2.449997e+00	-1.339715e-08
-2.440000000000000e+00	-2.439997e+00	-1.339622e-08
-2.430000000000000e+00	-2.429997e+00	-1.339529e-08
-2.420000000000000e+00	-2.419997e+00	-1.339436e-08
-2.410000000000000e+00	-2.409997e+00	-1.339343e-08
-2.400000000000000e+00	-2.399997e+00	-1.339250e-08
-2.390000000000000e+00	-2.389997e+00	-1.339157e-08
-2.380000000000000e+00	-2.379997e+00	-1.339064e-08
-2.370000000000000e+00	-2.369997e+00	-1.338971e-08
-2.360000000000000e+00	-2.359997e+00	-1.338878e-08
-2.350000000000000e+00	-2.349997e+00	-1.338785e-08
-2.340000000000000e+00	-2.339997e+00	-1.338691e-08
-2.330000000000000e+00	-2.329997e+00	-1.338598e-08
-2.320000000000000e+00	-2.319997e+00	-1.338505e-08
-2.310000000000000e+00	-2.309997e+00	-1.338411e-08
-2.300000000000000e+00	-2.299997e+00	-1.338318e-08
-2.290000000000000e+00	-2.289997e+00	-1.338224e-08
-2.280000000000000e+00	-2.279997e+00	-1.338131e-08
-2.270000000000000e+00	-2.269997e+00	-1.338037e-08
-2.260000000000000e+00	-2.259997e+00	-1.337944e-08
-2.250000000000000e+00	-2.249997e+00	-1.337850e-08
-2.240000000000000e+00	-2.239997e+00	-1.337756e-08
-2.230000000000000e+00	-2.229997e+00	-1.337662e-08
-2.220000000000000e+00	-2.219997e+00	-1.337568e-08
-2.210000000000000e+00	-2.209997e+00	-1.337474e-08
-2.200000000000000e+00	-2.199997e+00	-1.337381e-08
-2.190000000000000e+00	-2.189997e+00	-1.337287e-08
-2.180000000000000e+00	-2.179997e+00	-1.337192e-08
-2.170000000000000e+00	-2.169997e+00	-1.337098e-08
-2.160000000000000e+00	-2.159997e+00	-1.337004e-08
-2.150000000000000e+00	-2.149997e+00	-1.336910e-08
-2.140000000000000e+00	-2.139997e+00	-1.336816e-08
-2.130000000000000e+00	-2.129997e+00	-1.336721e-08
-2.120000000000000e+00	-2.119997e+00	-1.336627e-08
-2.110000000000000e+00	-2.109997e+00	-1.336533e-08
-2.100000000000000e+00	-2.099997e+00	-1.336438e-08
-2.090000000000000e+00	-2.089997e+00	-1.336344e-08
-2.080000000000000e+00	-2.079997e+00	-1.336249e-08
-2.070000000000000e+00	-2.069997e+00	-1.336154e-08
-2.060000000000000e+00	-2.059997e+00	-1.336060e-08
-2.050000000000000e+00	-2.049997e+00	-1.335965e-08
-2.040000000000000e+00	-2.039997e+00	-1.335870e-08
-2.030000000000000e+00	-2.029997e+00	-1.335775e-08
-2.020000000000000e+00	-2.019997e+00	-1.335680e-08
-2.010000000000000e+00	-2.009997e+00	-1.335585e-08
-2.000000000000000e+00	-1.999997e+00	-1.335490e-08
-1.990000000000000e+00	-1.989997e+00	-1.335395e-08
-1.980000000000000e+00	-1.979997e+00	-1.335300e-08
-1.970000000000000e+00	-1.969997e+00	-1.335205e-08
-1.960000000000000e+00	-1.959997e+00	-1.335110e-08
-1.950000000000000e+00	-1.949997e+00	-1.335014e-08
-1.940000000000000e+00	-1.939997e+00	-1.334919e-08
-1.930000000000000e+00	-1.929997e+00	-1.334823e-08
-1.920000000000000e+00	-1.919997e+00	-1.334728e-08
-1.910000000000000e+00	-1.909997e+00	-1.334632e-08
-1.900000000000000e+00	-1.899997e+00	-1.334537e-08
-1.890000000000000e+00	-1.889997e+00	-1.334441e-08
-1.880000000000000e+00	-1.879997e+00	-1.334345e-08
-1.870000000000000e+00	-1.869997e+00	-1.334249e-08
-1.860000000000000e+00	-1.859997e+00	-1.334153e-08
-1.850000000000000e+00	-1.849997e+00	-1.334057e-08
-1.840000000000000e+00	-1.839997e+00	-1.333961e-08
-1.830000000000000e+00	-1.829997e+00	-1.333865e-08
-1.820000000000000e+00	-1.819997e+00	-1.333769e-08
-1.810000000000000e+00	-1.809997e+00	-1.333673e-08
-1.800000000000000e+00	-1.799997e+00	-1.333576e-08
-1.790000000000000e+00	-1.789997e+00	-1.333480e-08
-1.780000000000000e+00	-1.779997e+00	-1.333384e-08
-1.770000000000000e+00	-1.769997e+00	-1.333287e-08
-1.760000000000000e+00	-1.759997e+00	-1.333190e-08
-1.750000000000000e+00	-1.749997e+00	-1.333094e-08
-1.740000000000000e+00	-1.739997e+00	-1.332997e-08
-1.730000000000000e+00	-1.729997e+00	-1.332900e-08
-1.720000000000000e+00	-1.719997e+00	-1.332803e-08
-1.710000000000000e+00	-1.709997e+00	-1.332706e-08
-1.700000000000000e+00	-1.699997e+00	-1.332609e-08
-1.690000000000000e+00	-1.689997e+00	-1.332512e-08
-1.680000000000000e+00	-1.679997e+00	-1.332415e-08
-1.670000000000000e+00	-1.669997e+00	-1.332318e-08
-1.660000000000000e+00	-1.659997e+00	-1.332220e-08
-1.650000000000000e+00	-1.649997e+00	-1.332123e-08
-1.640000000000000e+00	-1.639997e+00	-1.332026e-08
-1.630000000000000e+00	-1.629997e+00	-1.331928e-08
-1.620000000000000e+00	-1.619997e+00	-1.331830e-08
-1.610000000000000e+00	-1.609997e+00	-1.331733e-08
-1.600000000000000e+00	-1.599997e+00	-1.331635e-08
-1.590000000000000e+00	-1.589997e+00	-1.331537e-08
-1.580000000000000e+00	-1.579997e+00	-1.331439e-08
-1.570000000000000e+00	-1.569997e+00	-1.331341e-08
-1.560000000000000e+00	-1.559997e+00	-1.331243e-08
-1.550000000000000e+00	-1.549997e+00	-1.331144e-08
-1.540000000000000e+00	-1.539997e+00	-1.331046e-08
-1.530000000000000e+00	-1.529997e+00	-1.330948e-08
-1.520000000000000e+00	-1.519997e+00	-1.330849e-08
-1.510000000000000e+00	-1.509997e+00	-1.330751e-08
-1.500000000000000e+00	-1.499997e+00	-1.330652e-08
-1.490000000000000e+00	-1.489997e+00	-1.330553e-08
-1.480000000000000e+00	-1.479997e+00	-1.330455e-08
-1.470000000000000e+00	-1.469997e+00	-1.330356e-08
-1.460000000000000e+00	-1.459997e+00	-1.330257e-08
-1.450000000000000e+00	-1.449997e+00	-1.330157e-08
-1.440000000000000e+00	-1.439997e+00	-1.330058e-08
-1.430000000000000e+00	-1.429997e+00	-1.329959e-08
-1.420000000000000e+00	-1.419997e+00	-1.329860e-08
-1.410000000000000e+00	-1.409997e+00	-1.329760e-08
-1.400000000000000e+00	-1.399997e+00	-1.329661e-08
-1.390000000000000e+00	-1.389997e+00	-1.329561e-08
-1.380000000000000e+00	-1.379997e+00	-1.329461e-08
-1.370000000000000e+00	-1.369997e+00	-1.329361e-08
-1.360000000000000e+00	-1.359997e+00	-1.329261e-08
-1.350000000000000e+00	-1.349997e+00	-1.329161e-08
-1.340000000000000e+00	-1.339997e+00	-1.329061e-08
-1.330000000000000e+00	-1.329997e+00	-1.328961e-08
-1.320000000000000e+00	-1.319997e+00	-1.328860e-08
-1.310000000000000e+00	-1.309997e+00	-1.328760e-08
-1.300000000000000e+00	-1.299997e+00	-1.328659e-08
-1.290000000000000e+00	-1.289997e+00	-1.328559e-08
-1.280000000000000e+00	-1.279997e+00	-1.328458e-08
-1.270000000000000e+00	-1.269997e+00	-1.328357e-08
-1.260000000000000e+00	-1.259997e+00	-1.328256e-08
-1.250000000000000e+00	-1.249997e+00	-1.328155e-08
-1.240000000000000e+00	-1.239997e+00	-1.328054e-08
-1.230000000000000e+00	-1.229997e+00	-1.327952e-08
-1.220000000000000e+00	-1.219997e+00	-1.327851e-08
-1.210000000000000e+00	-1.209997e+00	-1.327749e-08
-1.200000000000000e+00	-1.199997e+00	-1.327648e-08
-1.190000000000000e+00	-1.189997e+00	-1.327546e-08
-1.180000000000000e+00	-1.179997e+00	-1.327444e-08
-1.170000000000000e+00	-1.169997e+00	-1.327342e-08
-1.160000000000000e+00	-1.159997e+00	-1.327240e-08
-1.150000000000000e+00	-1.149997e+00	-1.327138e-08
-1.140000000000000e+00	-1.139997e+00	-1.327035e-08
-1.130000000000000e+00	-1.129997e+00	-1.326933e-08
-1.120000000000000e+00	-1.119997e+00	-1.326830e-08
-1.110000000000000e+00	-1.109997e+00	-1.326727e-08
-1.100000000000000e+00	-1.099997e+00	-1.326624e-08
-1.090000000000000e+00	-1.089997e+00	-1.326521e-08
-1.080000000000000e+00	-1.079997e+00	-1.326418e-08
-1.070000000000000e+00	-1.069997e+00	-1.326315e-08
-1.060000000000000e+00	-1.059997e+00	-1.326211e-08
-1.050000000000000e+00	-1.049997e+00	-1.326108e-08
-1.040000000000000e+00	-1.039997e+00	-1.326004e-08
-1.030000000000000e+00	-1.029997e+00	-1.325900e-08
-1.020000000000000e+00	-1.019997e+00	-1.325796e-08
-1.010000000000000e+00	-1.009997e+00	-1.325692e-08
-1.000000000000000e+00	-9.999974e-01	-1.325588e-08
-9.900000000000002e-01	-9.899973e-01	-1.325484e-08
-9.799999999999995e-01	-9.799973e-01	-1.325379e-08
-9.699999999999998e-01	-9.699973e-01	-1.325274e-08
-9.600000000000000e-01	-9.599974e-01	-1.325170e-08
-9.500000000000002e-01	-9.499974e-01	-1.325065e-08
-9.399999999999995e-01	-9.399974e-01	-1.324960e-08
-9.299999999999997e-01	-9.299973e-01	-1.324854e-08
-9.199999999999999e-01	-9.199973e-01	-1.324749e-08
-9.100000000000001e-01	-9.099973e-01	-1.324643e-08
-9.000000000000004e-01	-8.999974e-01	-1.324537e-08
-8.899999999999997e-01	-8.899974e-01	-1.324431e-08
-8.799999999999999e-01	-8.799974e-01	-1.324325e-08
-8.700000000000001e-01	-8.699973e-01	-1.324219e-08
-8.600000000000003e-01	-8.599973e-01	-1.324113e-08
-8.499999999999996e-01	-8.499973e-01	-1.324006e-08
-8.399999999999999e-01	-8.399974e-01	-1.323900e-08
-8.300000000000001e-01	-8.299974e-01	-1.323793e-08
-8.200000000000003e-01	-8.199974e-01	-1.323686e-08
-8.099999999999996e-01	-8.099974e-01	-1.323578e-08
-7.999999999999998e-01	-7.999973e-01	-1.323471e-08
-7.900000000000000e-01	-7.899973e-01	-1.323363e-08
-7.800000000000002e-01	-7.799973e-01	-1.323255e-08
-7.699999999999996e-01	-7.699974e-01	-1.323147e-08
-7.599999999999998e-01	-7.599974e-01	-1.323039e-08
-7.500000000000000e-01	-7.499974e-01	-1.322931e-08
-7.400000000000002e-01	-7.399973e-01	-1.322822e-08
-7.299999999999995e-01	-7.299973e-01	-1.322714e-08
-7.199999999999998e-01	-7.199973e-01	-1.322605e-08
-7.100000000000000e-01	-7.099974e-01	-1.322496e-08
-7.000000000000002e-01	-6.999974e-01	-1.322386e-08
-6.899999999999995e-01	-6.899974e-01	-1.322277e-08
-6.799999999999997e-01	-6.799974e-01	-1.322167e-08
-6.699999999999999e-01	-6.699973e-01	-1.322057e-08
-6.600000000000001e-01	-6.599973e-01	-1.321947e-08
-6.499999999999995e-01	-6.499974e-01	-1.321837e-08
-6.399999999999997e-01	-6.399974e-01	-1.321726e-08
-6.299999999999999e-01	-6.299974e-01	-1.321615e-08
-6.200000000000001e-01	-6.199974e-01	-1.321504e-08
-6.100000000000003e-01	-6.099973e-01	-1.321393e-08
-5.999999999999996e-01	-5.999973e-01	-1.321281e-08
-5.899999999999999e-01	-5.899974e-01	-1.321169e-08
-5.800000000000001e-01	-5.799974e-01	-1.321057e-08
-5.700000000000003e-01	-5.699974e-01	-1.320945e-08
-5.599999999999996e-01	-5.599974e-01	-1.320832e-08
-5.499999999999998e-01	-5.499973e-01	-1.320720e-08
-5.400000000000000e-01	-5.399973e-01	-1.320606e-08
-5.300000000000002e-01	-5.299973e-01	-1.320493e-08
-5.199999999999996e-01	-5.199974e-01	-1.320379e-08
-5.099999999999998e-01	-5.099974e-01	-1.320265e-08
-5.000000000000000e-01	-4.999973e-01	-1.320150e-08
-4.900000000000002e-01	-4.899974e-01	-1.320035e-08
-4.799999999999995e-01	-4.799974e-01	-1.319919e-08
-4.699999999999998e-01	-4.699973e-01	-1.319803e-08
-4.600000000000000e-01	-4.599974e-01	-1.319686e-08
-4.500000000000002e-01	-4.499974e-01	-1.319569e-08
-4.399999999999995e-01	-4.399974e-01	-1.319450e-08
-4.299999999999997e-01	-4.299974e-01	-1.319331e-08
-4.199999999999999e-01	-4.199974e-01	-1.319210e-08
-4.100000000000001e-01	-4.099974e-01	-1.319088e-08
-3.999999999999995e-01	-3.999974e-01	-1.318965e-08
-3.899999999999997e-01	-3.899974e-01	-1.318839e-08
-3.799999999999999e-01	-3.799974e-01	-1.318711e-08
-3.700000000000001e-01	-3.699974e-01	-1.318580e-08
-3.600000000000003e-01	-3.599974e-01	-1.318446e-08
-3.499999999999996e-01	-3.499974e-01	-1.318308e-08
-3.399999999999999e-01	-3.399974e-01	-1.318164e-08
-3.300000000000001e-01	-3.299974e-01	-1.318013e-08
-3.200000000000003e-01	-3.199974e-01	-1.317854e-08
-3.099999999999996e-01	-3.099973e-01	-1.317685e-08
-2.999999999999998e-01	-2.999974e-01	-1.317504e-08
-2.900000000000000e-01	-2.899974e-01	-1.317306e-08
-2.800000000000002e-01	-2.799974e-01	-1.317089e-08
-2.699999999999996e-01	-2.699974e-01	-1.316846e-08
-2.599999999999998e-01	-2.599974e-01	-1.316571e-08
-2.500000000000000e-01	-2.499974e-01	-1.316255e-08
-2.400000000000002e-01	-2.399974e-01	-1.315886e-08
-2.299999999999995e-01	-2.299974e-01	-1.315451e-08
-2.199999999999998e-01	-2.199974e-01	-1.314927e-08
-2.100000000000000e-01	-2.099974e-01	-1.314291e-08
-2.000000000000002e-01	-1.999974e-01	-1.313505e-08
-1.899999999999995e-01	-1.899974e-01	-1.312524e-08
-1.799999999999997e-01	-1.799974e-01	-1.311281e-08
-1.699999999999999e-01	-1.699974e-01	-1.309690e-08
-1.600000000000001e-01	-1.599974e-01	-1.307628e-08
-1.499999999999995e-01	-1.499974e-01	-1.304928e-08
-1.399999999999997e-01	-1.399974e-01	-1.301355e-08
-1.299999999999999e-01	-1.299974e-01	-1.296579e-08
-1.200000000000001e-01	-1.199974e-01	-1.290136e-08
-1.100000000000003e-01	-1.099974e-01	-1.281367e-08
-9.999999999999964e-02	-9.999746e-02	-1.269333e-08
-8.999999999999986e-02	-8.999749e-02	-1.252689e-08
-8.000000000000007e-02	-7.999754e-02	-1.229506e-08
-7.000000000000028e-02	-6.999761e-02	-1.197004e-08
-5.999999999999961e-02	-5.999770e-02	-1.151163e-08
-4.999999999999982e-02	-4.999783e-02	-1.086163e-08
-4.000000000000004e-02	-3.999801e-02	-9.935521e-09
-3.000000000000025e-02	-2.999828e-02	-8.610352e-09
-1.999999999999957e-02	-1.999866e-02	-6.707005e-09
-9.999999999999787e-03	-9.999207e-03	-3.964135e-09
0.000000000000000e+00	0.000000e+00	0.000000e+00
9.999999999999787e-03	9.998851e-03	5.743551e-09
2.000000000000046e-02	1.999718e-02	1.408322e-08
3.000000000000025e-02	2.999476e-02	2.621471e-08
4.000000000000004e-02	3.999122e-02	4.388927e-08
4.999999999999982e-02	4.998606e-02	6.967218e-08
6.000000000000050e-02	5.997854e-02	1.073206e-07
7.000000000000028e-02	6.996753e-02	1.623344e-07
8.000000000000007e-02	7.995145e-02	2.427573e-07
8.999999999999986e-02	8.992793e-02	3.603325e-07
1.000000000000005e-01	9.989357e-02	5.321613e-07
1.100000000000003e-01	1.098434e-01	7.830469e-07
1.200000000000001e-01	1.197703e-01	1.148752e-06
1.299999999999999e-01	1.296639e-01	1.680391e-06
1.399999999999997e-01	1.395100e-01	2.450100e-06
1.500000000000004e-01	1.492884e-01	3.557826e-06
1.600000000000001e-01	1.589723e-01	5.138490e-06
1.699999999999999e-01	1.685265e-01	7.367672e-06
1.799999999999997e-01	1.779075e-01	1.046261e-05
1.900000000000004e-01	1.870651e-01	1.467433e-05
2.000000000000002e-01	1.959465e-01	2.026769e-05
2.100000000000000e-01	2.045020e-01	2.749015e-05
2.199999999999998e-01	2.126926e-01	3.653676e-05
2.300000000000004e-01	2.204954e-01	4.752281e-05
2.400000000000002e-01	2.279053e-01	6.047373e-05
2.500000000000000e-01	2.349333e-01	7.533368e-05
2.599999999999998e-01	2.416026e-01	9.198677e-05
2.700000000000005e-01	2.479437e-01	1.102817e-04
2.800000000000002e-01	2.539893e-01	1.300532e-04
2.900000000000000e-01	2.597725e-01	1.511375e-04
2.999999999999998e-01	2.653238e-01	1.733807e-04
3.100000000000005e-01	2.706712e-01	1.966443e-04
3.200000000000003e-01	2.758389e-01	2.208055e-04
3.300000000000001e-01	2.808485e-01	2.457573e-04
3.399999999999999e-01	2.857185e-01	2.714073e-04
3.500000000000005e-01	2.904649e-01	2.976757e-04
3.600000000000003e-01	2.951012e-01	3.244938e-04
3.700000000000001e-01	2.996395e-01	3.518026e-04
3.799999999999999e-01	3.040898e-01	3.795511e-04
3.899999999999997e-01	3.084610e-01	4.076950e-04
4.000000000000004e-01	3.127607e-01	4.361963e-04
4.100000000000001e-01	3.169956e-01	4.650220e-04
4.199999999999999e-01	3.211717e-01	4.941416e-04
4.299999999999997e-01	3.252937e-01	5.235314e-04
4.400000000000004e-01	3.293664e-01	5.531678e-04
4.500000000000002e-01	3.333937e-01	5.830316e-04
4.600000000000000e-01	3.373790e-01	6.131049e-04
4.699999999999998e-01	3.413254e-01	6.433729e-04
4.800000000000004e-01	3.452357e-01	6.738214e-04
4.900000000000002e-01	3.491124e-01	7.044381e-04
5.000000000000000e-01	3.529576e-01	7.352120e-04
5.099999999999998e-01	3.567733e-01	7.661336e-04
5.200000000000005e-01	3.605612e-01	7.971940e-04
5.300000000000002e-01	3.643230e-01	8.283852e-04
5.400000000000000e-01	3.680599e-01	8.597003e-04
5.499999999999998e-01	3.717734e-01	8.911329e-04
5.600000000000005e-01	3.754645e-01	9.226773e-04
5.700000000000003e-01	3.791343e-01	9.543284e-04
5.800000000000001e-01	3.827837e-01	9.860817e-04
5.899999999999999e-01	3.864134e-01	1.017933e-03
6.000000000000005e-01	3.900242e-01	1.049879e-03
6.100000000000003e-01	3.936168e-01	1.081916e-03
6.200000000000001e-01	3.971916e-01	1.114042e-03
6.299999999999999e-01	4.007493e-01	1.146253e-03
6.399999999999997e-01	4.042902e-01	1.178549e-03
6.500000000000004e-01	4.078148e-01	1.210926e-03
6.600000000000001e-01	4.113231e-01	1.243384e-03
6.699999999999999e-01	4.148157e-01	1.275921e-03
6.799999999999997e-01	4.182926e-01	1.308537e-03
6.900000000000004e-01	4.217540e-01	1.341230e-03
7.000000000000002e-01	4.252000e-01	1.374000e-03
7.100000000000000e-01	4.286306e-01	1.406847e-03
7.199999999999998e-01	4.320459e-01	1.439771e-03
7.300000000000004e-01	4.354457e-01	1.472772e-03
7.400000000000002e-01	4.388301e-01	1.505850e-03
7.500000000000000e-01	4.421988e-01	1.539006e-03
7.599999999999998e-01	4.455517e-01	1.572242e-03
7.700000000000005e-01	4.488886e-01	1.605557e-03
7.800000000000002e-01	4.522093e-01	1.638954e-03
7.900000000000000e-01	4.555134e-01	1.672433e-03
7.999999999999998e-01	4.588005e-01	1.705997e-03
8.100000000000005e-01	4.620705e-01	1.739647e-03
8.200000000000003e-01	4.653228e-01	1.773386e-03
8.300000000000001e-01	4.685570e-01	1.807215e-03
