V1	V(N002,N003)	Ix(D1:+)
-4.297000000000000e+00	-3.860623e+00	-2.181884e-03
-4.287000000000000e+00	-3.860058e+00	-2.134710e-03
-4.277000000000000e+00	-3.859481e+00	-2.087597e-03
-4.266999999999999e+00	-3.858891e+00	-2.040545e-03
-4.257000000000000e+00	-3.858288e+00	-1.993557e-03
-4.247000000000000e+00	-3.857672e+00	-1.946638e-03
-4.237000000000000e+00	-3.857042e+00	-1.899788e-03
-4.226999999999999e+00	-3.856398e+00	-1.853012e-03
-4.217000000000000e+00	-3.855737e+00	-1.806313e-03
-4.207000000000000e+00	-3.855061e+00	-1.759695e-03
-4.197000000000000e+00	-3.854368e+00	-1.713161e-03
-4.186999999999999e+00	-3.853657e+00	-1.666715e-03
-4.177000000000000e+00	-3.852927e+00	-1.620363e-03
-4.167000000000000e+00	-3.852178e+00	-1.574108e-03
-4.157000000000000e+00	-3.851409e+00	-1.527956e-03
-4.146999999999999e+00	-3.850617e+00	-1.481913e-03
-4.137000000000000e+00	-3.849803e+00	-1.435985e-03
-4.127000000000000e+00	-3.848964e+00	-1.390178e-03
-4.117000000000000e+00	-3.848100e+00	-1.344498e-03
-4.106999999999999e+00	-3.847209e+00	-1.298955e-03
-4.097000000000000e+00	-3.846289e+00	-1.253556e-03
-4.087000000000000e+00	-3.845338e+00	-1.208310e-03
-4.077000000000000e+00	-3.844354e+00	-1.163228e-03
-4.066999999999999e+00	-3.843336e+00	-1.118319e-03
-4.056999999999999e+00	-3.842281e+00	-1.073597e-03
-4.047000000000000e+00	-3.841185e+00	-1.029075e-03
-4.037000000000000e+00	-3.840047e+00	-9.847665e-04
-4.026999999999999e+00	-3.838862e+00	-9.406886e-04
-4.016999999999999e+00	-3.837628e+00	-8.968591e-04
-4.007000000000000e+00	-3.836340e+00	-8.532982e-04
-3.997000000000000e+00	-3.834994e+00	-8.100282e-04
-3.987000000000000e+00	-3.833585e+00	-7.670745e-04
-3.977000000000000e+00	-3.832107e+00	-7.244654e-04
-3.967000000000000e+00	-3.830553e+00	-6.822330e-04
-3.957000000000000e+00	-3.828917e+00	-6.404137e-04
-3.947000000000000e+00	-3.827190e+00	-5.990497e-04
-3.937000000000000e+00	-3.825363e+00	-5.581858e-04
-3.927000000000000e+00	-3.823424e+00	-5.178788e-04
-3.917000000000000e+00	-3.821362e+00	-4.781902e-04
-3.907000000000000e+00	-3.819162e+00	-4.391921e-04
-3.897000000000000e+00	-3.816806e+00	-4.009678e-04
-3.887000000000000e+00	-3.814277e+00	-3.636142e-04
-3.877000000000000e+00	-3.811551e+00	-3.272436e-04
-3.867000000000000e+00	-3.808603e+00	-2.919870e-04
-3.857000000000000e+00	-3.805415e+00	-2.581267e-04
-3.847000000000000e+00	-3.801913e+00	-2.254378e-04
-3.837000000000000e+00	-3.798097e+00	-1.945178e-04
-3.827000000000000e+00	-3.793910e+00	-1.654487e-04
-3.817000000000000e+00	-3.789306e+00	-1.384697e-04
-3.806999999999999e+00	-3.784236e+00	-1.138208e-04
-3.797000000000000e+00	-3.778654e+00	-9.172850e-05
-3.787000000000000e+00	-3.772525e+00	-7.237480e-05
-3.777000000000000e+00	-3.765831e+00	-5.587234e-05
-3.766999999999999e+00	-3.758564e+00	-4.218578e-05
-3.757000000000000e+00	-3.750760e+00	-3.119880e-05
-3.747000000000000e+00	-3.742471e+00	-2.264423e-05
-3.737000000000000e+00	-3.733766e+00	-1.617266e-05
-3.726999999999999e+00	-3.724720e+00	-1.139989e-05
-3.717000000000000e+00	-3.715409e+00	-7.953631e-06
-3.707000000000000e+00	-3.705900e+00	-5.506701e-06
-3.697000000000000e+00	-3.696242e+00	-3.790825e-06
-3.687000000000000e+00	-3.686480e+00	-2.599104e-06
-3.677000000000000e+00	-3.676645e+00	-1.776950e-06
-3.667000000000000e+00	-3.666758e+00	-1.212446e-06
-3.657000000000000e+00	-3.656835e+00	-8.261363e-07
-3.647000000000000e+00	-3.646888e+00	-5.623800e-07
-3.637000000000000e+00	-3.636924e+00	-3.825837e-07
-3.627000000000000e+00	-3.626948e+00	-2.601543e-07
-3.617000000000000e+00	-3.616965e+00	-1.768500e-07
-3.607000000000000e+00	-3.606976e+00	-1.201963e-07
-3.597000000000000e+00	-3.596984e+00	-8.168044e-08
-3.587000000000000e+00	-3.586989e+00	-5.550172e-08
-3.577000000000000e+00	-3.576993e+00	-3.771125e-08
-3.567000000000000e+00	-3.566995e+00	-2.562255e-08
-3.556999999999999e+00	-3.556997e+00	-1.740884e-08
-3.547000000000000e+00	-3.546998e+00	-1.182828e-08
-3.537000000000000e+00	-3.536999e+00	-8.036873e-09
-3.527000000000000e+00	-3.526999e+00	-5.461059e-09
-3.516999999999999e+00	-3.516999e+00	-3.711127e-09
-3.507000000000000e+00	-3.506999e+00	-2.522287e-09
-3.497000000000000e+00	-3.497000e+00	-1.714636e-09
-3.487000000000000e+00	-3.487000e+00	-1.165952e-09
-3.476999999999999e+00	-3.477000e+00	-7.931991e-10
-3.467000000000000e+00	-3.467000e+00	-5.399665e-10
-3.457000000000000e+00	-3.457000e+00	-3.679299e-10
-3.447000000000000e+00	-3.447000e+00	-2.510539e-10
-3.437000000000000e+00	-3.437000e+00	-1.716513e-10
-3.427000000000000e+00	-3.427000e+00	-1.177061e-10
-3.417000000000000e+00	-3.417000e+00	-8.105535e-11
-3.407000000000000e+00	-3.407000e+00	-5.615358e-11
-3.397000000000000e+00	-3.397000e+00	-3.923343e-11
-3.387000000000000e+00	-3.387000e+00	-2.773557e-11
-3.377000000000000e+00	-3.377000e+00	-1.992133e-11
-3.367000000000000e+00	-3.367000e+00	-1.460955e-11
-3.357000000000000e+00	-3.357000e+00	-1.099779e-11
-3.347000000000000e+00	-3.347000e+00	-8.540955e-12
-3.337000000000000e+00	-3.337000e+00	-6.868704e-12
-3.327000000000000e+00	-3.327000e+00	-5.729458e-12
-3.317000000000000e+00	-3.317000e+00	-4.952309e-12
-3.306999999999999e+00	-3.307000e+00	-4.421148e-12
-3.297000000000000e+00	-3.297000e+00	-4.057100e-12
-3.287000000000000e+00	-3.287000e+00	-3.806578e-12
-3.277000000000000e+00	-3.277000e+00	-3.633180e-12
-3.266999999999999e+00	-3.267000e+00	-3.512176e-12
-3.257000000000000e+00	-3.257000e+00	-3.426766e-12
-3.247000000000000e+00	-3.247000e+00	-3.365537e-12
-3.237000000000000e+00	-3.237000e+00	-3.320734e-12
-3.226999999999999e+00	-3.227000e+00	-3.287091e-12
-3.217000000000000e+00	-3.217000e+00	-3.261029e-12
-3.207000000000000e+00	-3.207000e+00	-3.240118e-12
-3.197000000000000e+00	-3.197000e+00	-3.222705e-12
-3.186999999999999e+00	-3.187000e+00	-3.207669e-12
-3.177000000000000e+00	-3.177000e+00	-3.194248e-12
-3.167000000000000e+00	-3.167000e+00	-3.181924e-12
-3.157000000000000e+00	-3.157000e+00	-3.170345e-12
-3.146999999999999e+00	-3.147000e+00	-3.159273e-12
-3.137000000000000e+00	-3.137000e+00	-3.148544e-12
-3.127000000000000e+00	-3.127000e+00	-3.138049e-12
-3.117000000000000e+00	-3.117000e+00	-3.127712e-12
-3.107000000000000e+00	-3.107000e+00	-3.117484e-12
-3.097000000000000e+00	-3.097000e+00	-3.107329e-12
-3.087000000000000e+00	-3.087000e+00	-3.097223e-12
-3.077000000000000e+00	-3.077000e+00	-3.087152e-12
-3.067000000000000e+00	-3.067000e+00	-3.077103e-12
-3.056999999999999e+00	-3.057000e+00	-3.067070e-12
-3.047000000000000e+00	-3.047000e+00	-3.057048e-12
-3.037000000000000e+00	-3.037000e+00	-3.047032e-12
-3.027000000000000e+00	-3.027000e+00	-3.037022e-12
-3.016999999999999e+00	-3.017000e+00	-3.027015e-12
-3.007000000000000e+00	-3.007000e+00	-3.017010e-12
-2.997000000000000e+00	-2.997000e+00	-3.007007e-12
-2.987000000000000e+00	-2.987000e+00	-2.997005e-12
-2.976999999999999e+00	-2.977000e+00	-2.987003e-12
-2.967000000000000e+00	-2.967000e+00	-2.977002e-12
-2.957000000000000e+00	-2.957000e+00	-2.967001e-12
-2.947000000000000e+00	-2.947000e+00	-2.957001e-12
-2.936999999999999e+00	-2.937000e+00	-2.947001e-12
-2.927000000000000e+00	-2.927000e+00	-2.937000e-12
-2.917000000000000e+00	-2.917000e+00	-2.927000e-12
-2.907000000000000e+00	-2.907000e+00	-2.917000e-12
-2.896999999999999e+00	-2.897000e+00	-2.907000e-12
-2.887000000000000e+00	-2.887000e+00	-2.897000e-12
-2.877000000000000e+00	-2.877000e+00	-2.887000e-12
-2.867000000000000e+00	-2.867000e+00	-2.877000e-12
-2.857000000000000e+00	-2.857000e+00	-2.867000e-12
-2.847000000000000e+00	-2.847000e+00	-2.857000e-12
-2.837000000000000e+00	-2.837000e+00	-2.847000e-12
-2.827000000000000e+00	-2.827000e+00	-2.837000e-12
-2.817000000000000e+00	-2.817000e+00	-2.827000e-12
-2.806999999999999e+00	-2.807000e+00	-2.817000e-12
-2.797000000000000e+00	-2.797000e+00	-2.807000e-12
-2.787000000000000e+00	-2.787000e+00	-2.797000e-12
-2.777000000000000e+00	-2.777000e+00	-2.787000e-12
-2.766999999999999e+00	-2.767000e+00	-2.777000e-12
-2.757000000000000e+00	-2.757000e+00	-2.767000e-12
-2.747000000000000e+00	-2.747000e+00	-2.757000e-12
-2.737000000000000e+00	-2.737000e+00	-2.747000e-12
-2.726999999999999e+00	-2.727000e+00	-2.737000e-12
-2.717000000000000e+00	-2.717000e+00	-2.727000e-12
-2.707000000000000e+00	-2.707000e+00	-2.717000e-12
-2.697000000000000e+00	-2.697000e+00	-2.707000e-12
-2.686999999999999e+00	-2.687000e+00	-2.697000e-12
-2.677000000000000e+00	-2.677000e+00	-2.687000e-12
-2.667000000000000e+00	-2.667000e+00	-2.677000e-12
-2.657000000000000e+00	-2.657000e+00	-2.667000e-12
-2.646999999999999e+00	-2.647000e+00	-2.657000e-12
-2.637000000000000e+00	-2.637000e+00	-2.647000e-12
-2.627000000000000e+00	-2.627000e+00	-2.637000e-12
-2.617000000000000e+00	-2.617000e+00	-2.627000e-12
-2.607000000000000e+00	-2.607000e+00	-2.617000e-12
-2.597000000000000e+00	-2.597000e+00	-2.607000e-12
-2.587000000000000e+00	-2.587000e+00	-2.597000e-12
-2.577000000000000e+00	-2.577000e+00	-2.587000e-12
-2.567000000000000e+00	-2.567000e+00	-2.577000e-12
-2.556999999999999e+00	-2.557000e+00	-2.567000e-12
-2.547000000000000e+00	-2.547000e+00	-2.557000e-12
-2.537000000000000e+00	-2.537000e+00	-2.547000e-12
-2.527000000000000e+00	-2.527000e+00	-2.537000e-12
-2.516999999999999e+00	-2.517000e+00	-2.527000e-12
-2.507000000000000e+00	-2.507000e+00	-2.517000e-12
-2.497000000000000e+00	-2.497000e+00	-2.507000e-12
-2.487000000000000e+00	-2.487000e+00	-2.497000e-12
-2.476999999999999e+00	-2.477000e+00	-2.487000e-12
-2.467000000000000e+00	-2.467000e+00	-2.477000e-12
-2.457000000000000e+00	-2.457000e+00	-2.467000e-12
-2.447000000000000e+00	-2.447000e+00	-2.457000e-12
-2.436999999999999e+00	-2.437000e+00	-2.447000e-12
-2.427000000000000e+00	-2.427000e+00	-2.437000e-12
-2.417000000000000e+00	-2.417000e+00	-2.427000e-12
-2.407000000000000e+00	-2.407000e+00	-2.417000e-12
-2.396999999999999e+00	-2.397000e+00	-2.407000e-12
-2.387000000000000e+00	-2.387000e+00	-2.397000e-12
-2.377000000000000e+00	-2.377000e+00	-2.387000e-12
-2.367000000000000e+00	-2.367000e+00	-2.377000e-12
-2.357000000000000e+00	-2.357000e+00	-2.367000e-12
-2.347000000000000e+00	-2.347000e+00	-2.357000e-12
-2.337000000000000e+00	-2.337000e+00	-2.347000e-12
-2.327000000000000e+00	-2.327000e+00	-2.337000e-12
-2.317000000000000e+00	-2.317000e+00	-2.327000e-12
-2.306999999999999e+00	-2.307000e+00	-2.317000e-12
-2.297000000000000e+00	-2.297000e+00	-2.307000e-12
-2.286999999999999e+00	-2.287000e+00	-2.297000e-12
-2.277000000000000e+00	-2.277000e+00	-2.287000e-12
-2.266999999999999e+00	-2.267000e+00	-2.277000e-12
-2.257000000000000e+00	-2.257000e+00	-2.267000e-12
-2.247000000000000e+00	-2.247000e+00	-2.257000e-12
-2.237000000000000e+00	-2.237000e+00	-2.247000e-12
-2.227000000000000e+00	-2.227000e+00	-2.237000e-12
-2.217000000000000e+00	-2.217000e+00	-2.227000e-12
-2.207000000000000e+00	-2.207000e+00	-2.217000e-12
-2.197000000000000e+00	-2.197000e+00	-2.207000e-12
-2.187000000000000e+00	-2.187000e+00	-2.197000e-12
-2.177000000000000e+00	-2.177000e+00	-2.187000e-12
-2.167000000000000e+00	-2.167000e+00	-2.177000e-12
-2.157000000000000e+00	-2.157000e+00	-2.167000e-12
-2.147000000000000e+00	-2.147000e+00	-2.157000e-12
-2.137000000000000e+00	-2.137000e+00	-2.147000e-12
-2.127000000000000e+00	-2.127000e+00	-2.137000e-12
-2.117000000000000e+00	-2.117000e+00	-2.127000e-12
-2.107000000000000e+00	-2.107000e+00	-2.117000e-12
-2.097000000000000e+00	-2.097000e+00	-2.107000e-12
-2.087000000000000e+00	-2.087000e+00	-2.097000e-12
-2.077000000000000e+00	-2.077000e+00	-2.087000e-12
-2.067000000000000e+00	-2.067000e+00	-2.077000e-12
-2.056999999999999e+00	-2.057000e+00	-2.067000e-12
-2.047000000000000e+00	-2.047000e+00	-2.057000e-12
-2.036999999999999e+00	-2.037000e+00	-2.047000e-12
-2.027000000000000e+00	-2.027000e+00	-2.037000e-12
-2.016999999999999e+00	-2.017000e+00	-2.027000e-12
-2.007000000000000e+00	-2.007000e+00	-2.017000e-12
-1.996999999999999e+00	-1.997000e+00	-2.007000e-12
-1.987000000000000e+00	-1.987000e+00	-1.997000e-12
-1.977000000000000e+00	-1.977000e+00	-1.987000e-12
-1.967000000000000e+00	-1.967000e+00	-1.977000e-12
-1.957000000000000e+00	-1.957000e+00	-1.967000e-12
-1.947000000000000e+00	-1.947000e+00	-1.957000e-12
-1.937000000000000e+00	-1.937000e+00	-1.947000e-12
-1.927000000000000e+00	-1.927000e+00	-1.937000e-12
-1.917000000000000e+00	-1.917000e+00	-1.927000e-12
-1.907000000000000e+00	-1.907000e+00	-1.917000e-12
-1.897000000000000e+00	-1.897000e+00	-1.907000e-12
-1.887000000000000e+00	-1.887000e+00	-1.897000e-12
-1.877000000000000e+00	-1.877000e+00	-1.887000e-12
-1.867000000000000e+00	-1.867000e+00	-1.877000e-12
-1.857000000000000e+00	-1.857000e+00	-1.867000e-12
-1.847000000000000e+00	-1.847000e+00	-1.857000e-12
-1.837000000000000e+00	-1.837000e+00	-1.847000e-12
-1.827000000000000e+00	-1.827000e+00	-1.837000e-12
-1.817000000000000e+00	-1.817000e+00	-1.827000e-12
-1.806999999999999e+00	-1.807000e+00	-1.817000e-12
-1.797000000000000e+00	-1.797000e+00	-1.807000e-12
-1.786999999999999e+00	-1.787000e+00	-1.797000e-12
-1.777000000000000e+00	-1.777000e+00	-1.787000e-12
-1.766999999999999e+00	-1.767000e+00	-1.777000e-12
-1.757000000000000e+00	-1.757000e+00	-1.767000e-12
-1.746999999999999e+00	-1.747000e+00	-1.757000e-12
-1.737000000000000e+00	-1.737000e+00	-1.747000e-12
-1.727000000000000e+00	-1.727000e+00	-1.737000e-12
-1.717000000000000e+00	-1.717000e+00	-1.727000e-12
-1.707000000000000e+00	-1.707000e+00	-1.717000e-12
-1.697000000000000e+00	-1.697000e+00	-1.707000e-12
-1.687000000000000e+00	-1.687000e+00	-1.697000e-12
-1.677000000000000e+00	-1.677000e+00	-1.687000e-12
-1.667000000000000e+00	-1.667000e+00	-1.677000e-12
-1.657000000000000e+00	-1.657000e+00	-1.667000e-12
-1.647000000000000e+00	-1.647000e+00	-1.657000e-12
-1.637000000000000e+00	-1.637000e+00	-1.647000e-12
-1.627000000000000e+00	-1.627000e+00	-1.637000e-12
-1.617000000000000e+00	-1.617000e+00	-1.627000e-12
-1.607000000000000e+00	-1.607000e+00	-1.617000e-12
-1.597000000000000e+00	-1.597000e+00	-1.607000e-12
-1.587000000000000e+00	-1.587000e+00	-1.597000e-12
-1.577000000000000e+00	-1.577000e+00	-1.587000e-12
-1.567000000000000e+00	-1.567000e+00	-1.577000e-12
-1.556999999999999e+00	-1.557000e+00	-1.567000e-12
-1.547000000000000e+00	-1.547000e+00	-1.557000e-12
-1.536999999999999e+00	-1.537000e+00	-1.547000e-12
-1.527000000000000e+00	-1.527000e+00	-1.537000e-12
-1.516999999999999e+00	-1.517000e+00	-1.527000e-12
-1.507000000000000e+00	-1.507000e+00	-1.517000e-12
-1.496999999999999e+00	-1.497000e+00	-1.507000e-12
-1.487000000000000e+00	-1.487000e+00	-1.497000e-12
-1.477000000000000e+00	-1.477000e+00	-1.487000e-12
-1.467000000000000e+00	-1.467000e+00	-1.477000e-12
-1.457000000000000e+00	-1.457000e+00	-1.467000e-12
-1.447000000000000e+00	-1.447000e+00	-1.457000e-12
-1.437000000000000e+00	-1.437000e+00	-1.447000e-12
-1.427000000000000e+00	-1.427000e+00	-1.437000e-12
-1.417000000000000e+00	-1.417000e+00	-1.427000e-12
-1.407000000000000e+00	-1.407000e+00	-1.417000e-12
-1.397000000000000e+00	-1.397000e+00	-1.407000e-12
-1.387000000000000e+00	-1.387000e+00	-1.397000e-12
-1.377000000000000e+00	-1.377000e+00	-1.387000e-12
-1.367000000000000e+00	-1.367000e+00	-1.377000e-12
-1.357000000000000e+00	-1.357000e+00	-1.367000e-12
-1.347000000000000e+00	-1.347000e+00	-1.357000e-12
-1.337000000000000e+00	-1.337000e+00	-1.347000e-12
-1.327000000000000e+00	-1.327000e+00	-1.337000e-12
-1.317000000000000e+00	-1.317000e+00	-1.327000e-12
-1.306999999999999e+00	-1.307000e+00	-1.317000e-12
-1.297000000000000e+00	-1.297000e+00	-1.307000e-12
-1.286999999999999e+00	-1.287000e+00	-1.297000e-12
-1.277000000000000e+00	-1.277000e+00	-1.287000e-12
-1.266999999999999e+00	-1.267000e+00	-1.277000e-12
-1.257000000000000e+00	-1.257000e+00	-1.267000e-12
-1.246999999999999e+00	-1.247000e+00	-1.257000e-12
-1.237000000000000e+00	-1.237000e+00	-1.247000e-12
-1.226999999999999e+00	-1.227000e+00	-1.237000e-12
-1.217000000000000e+00	-1.217000e+00	-1.227000e-12
-1.207000000000000e+00	-1.207000e+00	-1.217000e-12
-1.197000000000000e+00	-1.197000e+00	-1.207000e-12
-1.187000000000000e+00	-1.187000e+00	-1.197000e-12
-1.177000000000000e+00	-1.177000e+00	-1.187000e-12
-1.167000000000000e+00	-1.167000e+00	-1.177000e-12
-1.157000000000000e+00	-1.157000e+00	-1.167000e-12
-1.147000000000000e+00	-1.147000e+00	-1.157000e-12
-1.137000000000000e+00	-1.137000e+00	-1.147000e-12
-1.127000000000000e+00	-1.127000e+00	-1.137000e-12
-1.117000000000000e+00	-1.117000e+00	-1.127000e-12
-1.107000000000000e+00	-1.107000e+00	-1.117000e-12
-1.097000000000000e+00	-1.097000e+00	-1.107000e-12
-1.087000000000000e+00	-1.087000e+00	-1.097000e-12
-1.077000000000000e+00	-1.077000e+00	-1.087000e-12
-1.067000000000000e+00	-1.067000e+00	-1.077000e-12
-1.056999999999999e+00	-1.057000e+00	-1.067000e-12
-1.047000000000000e+00	-1.047000e+00	-1.057000e-12
-1.036999999999999e+00	-1.037000e+00	-1.047000e-12
-1.027000000000000e+00	-1.027000e+00	-1.037000e-12
-1.016999999999999e+00	-1.017000e+00	-1.027000e-12
-1.007000000000000e+00	-1.007000e+00	-1.017000e-12
-9.969999999999994e-01	-9.970000e-01	-1.007000e-12
-9.869999999999997e-01	-9.870000e-01	-9.970000e-13
-9.769999999999994e-01	-9.770000e-01	-9.870000e-13
-9.669999999999996e-01	-9.670000e-01	-9.769999e-13
-9.569999999999999e-01	-9.570000e-01	-9.670000e-13
-9.469999999999996e-01	-9.470000e-01	-9.570000e-13
-9.369999999999998e-01	-9.370000e-01	-9.470000e-13
-9.269999999999996e-01	-9.270000e-01	-9.370000e-13
-9.169999999999998e-01	-9.170000e-01	-9.270000e-13
-9.069999999999996e-01	-9.070000e-01	-9.170000e-13
-8.969999999999998e-01	-8.970000e-01	-9.070000e-13
-8.869999999999996e-01	-8.870000e-01	-8.970000e-13
-8.769999999999998e-01	-8.770000e-01	-8.870000e-13
-8.669999999999995e-01	-8.670000e-01	-8.770000e-13
-8.569999999999998e-01	-8.570000e-01	-8.670000e-13
-8.469999999999995e-01	-8.470000e-01	-8.570000e-13
-8.369999999999997e-01	-8.370000e-01	-8.470000e-13
-8.269999999999995e-01	-8.270000e-01	-8.370000e-13
-8.169999999999997e-01	-8.170000e-01	-8.270000e-13
-8.069999999999995e-01	-8.070000e-01	-8.170000e-13
-7.969999999999997e-01	-7.970000e-01	-8.070000e-13
-7.869999999999995e-01	-7.870000e-01	-7.970000e-13
-7.769999999999997e-01	-7.770000e-01	-7.870000e-13
-7.669999999999995e-01	-7.670000e-01	-7.770000e-13
-7.569999999999997e-01	-7.570000e-01	-7.670000e-13
-7.469999999999994e-01	-7.470000e-01	-7.570000e-13
-7.369999999999997e-01	-7.370000e-01	-7.470000e-13
-7.269999999999994e-01	-7.270000e-01	-7.370000e-13
-7.169999999999996e-01	-7.170000e-01	-7.270000e-13
-7.069999999999999e-01	-7.070000e-01	-7.170000e-13
-6.969999999999996e-01	-6.970000e-01	-7.070000e-13
-6.869999999999998e-01	-6.870000e-01	-6.970000e-13
-6.769999999999996e-01	-6.770000e-01	-6.870000e-13
-6.669999999999998e-01	-6.670000e-01	-6.770000e-13
-6.569999999999996e-01	-6.570000e-01	-6.670000e-13
-6.469999999999998e-01	-6.470000e-01	-6.570000e-13
-6.369999999999996e-01	-6.370000e-01	-6.470000e-13
-6.269999999999998e-01	-6.270000e-01	-6.370000e-13
-6.169999999999995e-01	-6.170000e-01	-6.270000e-13
-6.069999999999998e-01	-6.070000e-01	-6.170000e-13
-5.969999999999995e-01	-5.970000e-01	-6.070000e-13
-5.869999999999997e-01	-5.870000e-01	-5.970000e-13
-5.769999999999995e-01	-5.770000e-01	-5.870000e-13
-5.669999999999997e-01	-5.670000e-01	-5.770000e-13
-5.569999999999995e-01	-5.570000e-01	-5.670000e-13
-5.469999999999997e-01	-5.470000e-01	-5.570000e-13
-5.369999999999995e-01	-5.370000e-01	-5.470000e-13
-5.269999999999997e-01	-5.270000e-01	-5.370000e-13
-5.169999999999995e-01	-5.170000e-01	-5.270000e-13
-5.069999999999997e-01	-5.070000e-01	-5.170000e-13
-4.969999999999994e-01	-4.970000e-01	-5.070000e-13
-4.869999999999997e-01	-4.870000e-01	-4.970000e-13
-4.769999999999994e-01	-4.770000e-01	-4.870000e-13
-4.669999999999996e-01	-4.670000e-01	-4.770000e-13
-4.569999999999999e-01	-4.570000e-01	-4.670000e-13
-4.469999999999996e-01	-4.470000e-01	-4.570000e-13
-4.369999999999998e-01	-4.370000e-01	-4.470000e-13
-4.269999999999996e-01	-4.270000e-01	-4.370000e-13
-4.169999999999998e-01	-4.170000e-01	-4.270000e-13
-4.069999999999996e-01	-4.070000e-01	-4.170000e-13
-3.969999999999998e-01	-3.970000e-01	-4.070000e-13
-3.869999999999996e-01	-3.870000e-01	-3.970000e-13
-3.769999999999998e-01	-3.770000e-01	-3.870000e-13
-3.669999999999995e-01	-3.670000e-01	-3.770000e-13
-3.569999999999998e-01	-3.570000e-01	-3.670000e-13
-3.469999999999995e-01	-3.470000e-01	-3.570000e-13
-3.369999999999997e-01	-3.370000e-01	-3.470000e-13
-3.269999999999995e-01	-3.270000e-01	-3.370000e-13
-3.169999999999997e-01	-3.170000e-01	-3.270000e-13
-3.069999999999995e-01	-3.070000e-01	-3.169999e-13
-2.969999999999997e-01	-2.970000e-01	-3.069999e-13
-2.869999999999999e-01	-2.870000e-01	-2.969998e-13
-2.769999999999992e-01	-2.770000e-01	-2.869998e-13
-2.669999999999995e-01	-2.670000e-01	-2.769997e-13
-2.569999999999997e-01	-2.570000e-01	-2.669995e-13
-2.469999999999999e-01	-2.470000e-01	-2.569993e-13
-2.369999999999992e-01	-2.370000e-01	-2.469990e-13
-2.269999999999994e-01	-2.270000e-01	-2.369985e-13
-2.169999999999996e-01	-2.170000e-01	-2.269977e-13
-2.069999999999999e-01	-2.070000e-01	-2.169967e-13
-1.970000000000001e-01	-1.970000e-01	-2.069951e-13
-1.869999999999994e-01	-1.870000e-01	-1.969928e-13
-1.769999999999996e-01	-1.770000e-01	-1.869893e-13
-1.669999999999998e-01	-1.670000e-01	-1.769843e-13
-1.570000000000000e-01	-1.570000e-01	-1.669769e-13
-1.469999999999994e-01	-1.470000e-01	-1.569660e-13
-1.369999999999996e-01	-1.370000e-01	-1.469499e-13
-1.269999999999998e-01	-1.270000e-01	-1.369263e-13
-1.170000000000000e-01	-1.170000e-01	-1.268915e-13
-1.069999999999993e-01	-1.070000e-01	-1.168403e-13
-9.699999999999953e-02	-9.700000e-02	-1.067649e-13
-8.699999999999974e-02	-8.700000e-02	-9.665391e-14
-7.699999999999996e-02	-7.700000e-02	-8.649055e-14
-6.699999999999928e-02	-6.700000e-02	-7.625008e-14
-5.699999999999950e-02	-5.700000e-02	-6.589612e-14
-4.699999999999971e-02	-4.700000e-02	-5.537509e-14
-3.699999999999992e-02	-3.700000e-02	-4.460812e-14
-2.699999999999925e-02	-2.700000e-02	-3.347915e-14
-1.699999999999946e-02	-1.700000e-02	-2.181731e-14
-6.999999999999673e-03	-7.000000e-03	-9.371063e-15
3.000000000000114e-03	3.000000e-03	4.229814e-15
1.300000000000079e-02	1.300000e-02	1.953031e-14
2.300000000000058e-02	2.300000e-02	3.733266e-14
3.300000000000036e-02	3.300000e-02	5.881772e-14
4.300000000000015e-02	4.300000e-02	8.572377e-14
5.300000000000082e-02	5.300000e-02	1.206095e-13
6.300000000000061e-02	6.300000e-02	1.672414e-13
7.300000000000040e-02	7.300000e-02	2.311636e-13
8.300000000000018e-02	8.300000e-02	3.205371e-13
9.299999999999997e-02	9.300000e-02	4.473752e-13
1.030000000000006e-01	1.030000e-01	6.293611e-13
1.130000000000004e-01	1.130000e-01	8.925248e-13
1.230000000000002e-01	1.230000e-01	1.275182e-12
1.330000000000000e-01	1.330000e-01	1.833735e-12
1.430000000000007e-01	1.430000e-01	2.651206e-12
1.530000000000005e-01	1.530000e-01	3.849804e-12
1.630000000000003e-01	1.630000e-01	5.609424e-12
1.730000000000000e-01	1.730000e-01	8.194868e-12
1.830000000000007e-01	1.830000e-01	1.199593e-11
1.930000000000005e-01	1.930000e-01	1.758638e-11
2.030000000000003e-01	2.030000e-01	2.581081e-11
2.130000000000001e-01	2.130000e-01	3.791247e-11
2.230000000000008e-01	2.230000e-01	5.572141e-11
2.330000000000005e-01	2.330000e-01	8.193150e-11
2.430000000000003e-01	2.430000e-01	1.205080e-10
2.530000000000001e-01	2.530000e-01	1.772881e-10
2.630000000000008e-01	2.630000e-01	2.608636e-10
2.730000000000006e-01	2.729999e-01	3.838820e-10
2.830000000000004e-01	2.829999e-01	5.649602e-10
2.930000000000001e-01	2.929998e-01	8.315021e-10
3.030000000000008e-01	3.029998e-01	1.223846e-09
3.130000000000006e-01	3.129996e-01	1.801367e-09
3.230000000000004e-01	3.229995e-01	2.651466e-09
3.330000000000002e-01	3.329992e-01	3.902789e-09
3.430000000000000e-01	3.429989e-01	5.744690e-09
3.530000000000006e-01	3.529983e-01	8.455872e-09
3.630000000000004e-01	3.629975e-01	1.244653e-08
3.730000000000002e-01	3.729963e-01	1.832033e-08
3.830000000000000e-01	3.829946e-01	2.696560e-08
3.930000000000007e-01	3.929920e-01	3.968935e-08
4.030000000000005e-01	4.029883e-01	5.841419e-08
4.130000000000003e-01	4.129828e-01	8.596732e-08
4.230000000000000e-01	4.229747e-01	1.265042e-07
4.330000000000007e-01	4.329628e-01	1.861285e-07
4.430000000000005e-01	4.429452e-01	2.737958e-07
4.530000000000003e-01	4.529195e-01	4.026265e-07
4.630000000000001e-01	4.628817e-01	5.918006e-07
4.730000000000008e-01	4.728262e-01	8.692647e-07
4.830000000000005e-01	4.827449e-01	1.275546e-06
4.930000000000003e-01	4.926262e-01	1.869012e-06
5.030000000000001e-01	5.024536e-01	2.732883e-06
5.130000000000008e-01	5.122036e-01	3.984116e-06
5.230000000000006e-01	5.218444e-01	5.783762e-06
5.330000000000004e-01	5.313307e-01	8.346291e-06
5.430000000000001e-01	5.406104e-01	1.194829e-05
5.530000000000008e-01	5.496152e-01	1.692407e-05
5.630000000000006e-01	5.582700e-01	2.364980e-05
5.730000000000004e-01	5.664985e-01	3.250800e-05
5.830000000000002e-01	5.742326e-01	4.383805e-05
5.930000000000000e-01	5.814227e-01	5.788686e-05
6.030000000000006e-01	5.880446e-01	7.477692e-05
6.130000000000004e-01	5.941007e-01	9.450498e-05
6.230000000000002e-01	5.996111e-01	1.169445e-04
6.330000000000000e-01	6.046173e-01	1.419177e-04
6.430000000000007e-01	6.091650e-01	1.691983e-04
6.530000000000005e-01	6.132976e-01	1.985120e-04
6.630000000000003e-01	6.170829e-01	2.297974e-04
6.730000000000000e-01	6.205470e-01	2.627302e-04
6.830000000000007e-01	6.236823e-01	2.965885e-04
6.930000000000005e-01	6.265998e-01	3.320029e-04
7.030000000000003e-01	6.292984e-01	3.685129e-04
7.130000000000001e-01	6.318036e-01	4.059924e-04
7.230000000000008e-01	6.341376e-01	4.443326e-04
7.330000000000005e-01	6.363179e-01	4.834107e-04
7.430000000000003e-01	6.383630e-01	5.231851e-04
7.530000000000001e-01	6.402902e-01	5.636565e-04
7.630000000000008e-01	6.420997e-01	6.045017e-04
7.730000000000006e-01	6.438141e-01	6.459293e-04
7.830000000000004e-01	6.454389e-01	6.878057e-04
7.930000000000001e-01	6.469820e-01	7.300900e-04
8.030000000000008e-01	6.484507e-01	7.727465e-04
8.130000000000006e-01	6.498513e-01	8.157436e-04
8.230000000000004e-01	6.511893e-01	8.590535e-04
8.330000000000002e-01	6.524697e-01	9.026521e-04
8.430000000000000e-01	6.536971e-01	9.465161e-04
8.530000000000006e-01	6.549287e-01	9.926781e-04
8.630000000000004e-01	6.560077e-01	1.034964e-03
8.730000000000002e-01	6.570977e-01	1.079511e-03
8.830000000000000e-01	6.581482e-01	1.124259e-03
8.930000000000007e-01	6.592574e-01	1.173520e-03
9.030000000000005e-01	6.601408e-01	1.214296e-03
9.130000000000003e-01	6.612087e-01	1.265479e-03
9.230000000000000e-01	6.620037e-01	1.304981e-03
9.330000000000007e-01	6.628914e-01	1.350543e-03
9.430000000000005e-01	6.637521e-01	1.396240e-03
9.530000000000003e-01	6.645879e-01	1.442096e-03
9.630000000000001e-01	6.655955e-01	1.499381e-03
9.730000000000008e-01	6.664008e-01	1.546800e-03
9.830000000000005e-01	6.669538e-01	1.580231e-03
9.930000000000003e-01	6.677003e-01	1.626499e-03
1.003000000000000e+00	6.684273e-01	1.672864e-03
1.013000000000001e+00	6.691358e-01	1.719321e-03
1.023000000000001e+00	6.698267e-01	1.765867e-03
1.033000000000000e+00	6.705008e-01	1.812496e-03
1.043000000000000e+00	6.711589e-01	1.859205e-03
1.053000000000001e+00	6.718017e-01	1.905991e-03
1.063000000000001e+00	6.724300e-01	1.952850e-03
1.073000000000000e+00	6.730442e-01	1.999779e-03
1.083000000000000e+00	6.736450e-01	2.046775e-03
1.093000000000000e+00	6.742330e-01	2.093835e-03
