V1	Ix(D1:+)
-5.000000000000000e+00	-5.575802e-03
-4.990000000000000e+00	-5.526900e-03
-4.980000000000000e+00	-5.477837e-03
-4.970000000000000e+00	-5.428995e-03
-4.960000000000000e+00	-5.380164e-03
-4.950000000000000e+00	-5.331343e-03
-4.940000000000000e+00	-5.282532e-03
-4.930000000000000e+00	-5.233733e-03
-4.920000000000000e+00	-5.184944e-03
-4.910000000000000e+00	-5.136166e-03
-4.900000000000000e+00	-5.087400e-03
-4.890000000000000e+00	-5.038646e-03
-4.880000000000000e+00	-4.989902e-03
-4.870000000000000e+00	-4.941172e-03
-4.860000000000000e+00	-4.892453e-03
-4.850000000000000e+00	-4.843747e-03
-4.840000000000000e+00	-4.795054e-03
-4.830000000000000e+00	-4.746373e-03
-4.820000000000000e+00	-4.697706e-03
-4.810000000000000e+00	-4.649053e-03
-4.800000000000000e+00	-4.600413e-03
-4.790000000000000e+00	-4.551787e-03
-4.780000000000000e+00	-4.503176e-03
-4.770000000000000e+00	-4.454579e-03
-4.760000000000000e+00	-4.405997e-03
-4.750000000000000e+00	-4.357431e-03
-4.740000000000000e+00	-4.308879e-03
-4.730000000000000e+00	-4.260344e-03
-4.720000000000000e+00	-4.211826e-03
-4.710000000000000e+00	-4.163323e-03
-4.700000000000000e+00	-4.114839e-03
-4.690000000000000e+00	-4.066371e-03
-4.680000000000000e+00	-4.017921e-03
-4.670000000000000e+00	-3.969489e-03
-4.660000000000000e+00	-3.921076e-03
-4.650000000000000e+00	-3.872682e-03
-4.640000000000000e+00	-3.824308e-03
-4.630000000000000e+00	-3.775954e-03
-4.620000000000000e+00	-3.727620e-03
-4.610000000000000e+00	-3.679307e-03
-4.600000000000000e+00	-3.631016e-03
-4.590000000000000e+00	-3.582746e-03
-4.580000000000000e+00	-3.534500e-03
-4.570000000000000e+00	-3.486276e-03
-4.560000000000000e+00	-3.438077e-03
-4.550000000000000e+00	-3.389901e-03
-4.540000000000000e+00	-3.341752e-03
-4.530000000000000e+00	-3.293628e-03
-4.520000000000000e+00	-3.245530e-03
-4.510000000000000e+00	-3.197460e-03
-4.500000000000000e+00	-3.149418e-03
-4.490000000000000e+00	-3.101405e-03
-4.480000000000000e+00	-3.053421e-03
-4.470000000000000e+00	-3.005468e-03
-4.460000000000000e+00	-2.957547e-03
-4.450000000000000e+00	-2.909658e-03
-4.440000000000000e+00	-2.861803e-03
-4.430000000000000e+00	-2.813982e-03
-4.420000000000000e+00	-2.766197e-03
-4.410000000000000e+00	-2.718449e-03
-4.400000000000000e+00	-2.670739e-03
-4.390000000000000e+00	-2.623068e-03
-4.380000000000000e+00	-2.575438e-03
-4.370000000000000e+00	-2.527850e-03
-4.360000000000000e+00	-2.480305e-03
-4.350000000000000e+00	-2.432806e-03
-4.340000000000000e+00	-2.385353e-03
-4.330000000000000e+00	-2.337949e-03
-4.320000000000000e+00	-2.290596e-03
-4.310000000000000e+00	-2.243294e-03
-4.300000000000000e+00	-2.196047e-03
-4.290000000000000e+00	-2.148856e-03
-4.280000000000000e+00	-2.101725e-03
-4.270000000000000e+00	-2.054654e-03
-4.260000000000000e+00	-2.007647e-03
-4.250000000000000e+00	-1.960706e-03
-4.240000000000000e+00	-1.913836e-03
-4.230000000000000e+00	-1.867037e-03
-4.220000000000000e+00	-1.820315e-03
-4.210000000000000e+00	-1.773672e-03
-4.200000000000000e+00	-1.727112e-03
-4.190000000000000e+00	-1.680640e-03
-4.180000000000000e+00	-1.634259e-03
-4.170000000000000e+00	-1.587974e-03
-4.160000000000000e+00	-1.541791e-03
-4.150000000000000e+00	-1.495715e-03
-4.140000000000000e+00	-1.449752e-03
-4.130000000000000e+00	-1.403907e-03
-4.120000000000000e+00	-1.358189e-03
-4.110000000000000e+00	-1.312604e-03
-4.100000000000000e+00	-1.267161e-03
-4.090000000000000e+00	-1.221868e-03
-4.080000000000000e+00	-1.176735e-03
-4.070000000000000e+00	-1.131774e-03
-4.060000000000000e+00	-1.086995e-03
-4.050000000000000e+00	-1.042411e-03
-4.040000000000000e+00	-9.980367e-04
-4.030000000000000e+00	-9.538880e-04
-4.020000000000000e+00	-9.099821e-04
-4.010000000000000e+00	-8.663385e-04
-4.000000000000000e+00	-8.229789e-04
-3.990000000000000e+00	-7.799277e-04
-3.980000000000000e+00	-7.372122e-04
-3.970000000000000e+00	-6.948634e-04
-3.960000000000000e+00	-6.529164e-04
-3.950000000000000e+00	-6.114108e-04
-3.940000000000000e+00	-5.703922e-04
-3.930000000000000e+00	-5.299127e-04
-3.920000000000000e+00	-4.900319e-04
-3.910000000000000e+00	-4.508190e-04
-3.900000000000000e+00	-4.123536e-04
-3.890000000000000e+00	-3.747284e-04
-3.880000000000000e+00	-3.380508e-04
-3.870000000000000e+00	-3.024453e-04
-3.860000000000000e+00	-2.680566e-04
-3.850000000000000e+00	-2.350510e-04
-3.840000000000000e+00	-2.036180e-04
-3.830000000000000e+00	-1.739703e-04
-3.820000000000000e+00	-1.463392e-04
-3.810000000000000e+00	-1.209658e-04
-3.800000000000000e+00	-9.808353e-05
-3.790000000000000e+00	-7.789164e-05
-3.780000000000000e+00	-6.052115e-05
-3.770000000000000e+00	-4.599955e-05
-3.760000000000000e+00	-3.422693e-05
-3.750000000000000e+00	-2.497564e-05
-3.740000000000000e+00	-1.791844e-05
-3.730000000000000e+00	-1.267626e-05
-3.720000000000000e+00	-8.868832e-06
-3.710000000000000e+00	-6.152868e-06
-3.700000000000000e+00	-4.242143e-06
-3.690000000000000e+00	-2.911687e-06
-3.680000000000000e+00	-1.992161e-06
-3.670000000000000e+00	-1.360001e-06
-3.660000000000000e+00	-9.270117e-07
-3.650000000000000e+00	-6.312058e-07
-3.640000000000000e+00	-4.294781e-07
-3.630000000000000e+00	-2.920759e-07
-3.620000000000000e+00	-1.985655e-07
-3.610000000000000e+00	-1.349623e-07
-3.600000000000000e+00	-9.171805e-08
-3.590000000000000e+00	-6.232367e-08
-3.580000000000000e+00	-4.234707e-08
-3.570000000000000e+00	-2.877251e-08
-3.560000000000000e+00	-1.954904e-08
-3.550000000000000e+00	-1.328236e-08
-3.540000000000000e+00	-9.024755e-09
-3.530000000000000e+00	-6.132204e-09
-3.520000000000000e+00	-4.167081e-09
-3.510000000000000e+00	-2.832044e-09
-3.500000000000000e+00	-1.925073e-09
-3.490000000000000e+00	-1.308914e-09
-3.480000000000000e+00	-8.903213e-10
-3.470000000000000e+00	-6.059473e-10
-3.460000000000000e+00	-4.127549e-10
-3.450000000000000e+00	-2.815066e-10
-3.440000000000000e+00	-1.923402e-10
-3.430000000000000e+00	-1.317620e-10
-3.420000000000000e+00	-9.060518e-11
-3.410000000000000e+00	-6.264219e-11
-3.400000000000000e+00	-4.364241e-11
-3.390000000000000e+00	-3.073176e-11
-3.380000000000000e+00	-2.195775e-11
-3.370000000000000e+00	-1.599394e-11
-3.360000000000000e+00	-1.193924e-11
-3.350000000000000e+00	-9.181485e-12
-3.340000000000000e+00	-7.304808e-12
-3.330000000000000e+00	-6.026686e-12
-3.320000000000000e+00	-5.155191e-12
-3.310000000000000e+00	-4.559938e-12
-3.300000000000000e+00	-4.152348e-12
-3.290000000000000e+00	-3.872246e-12
-3.280000000000000e+00	-3.678753e-12
-3.270000000000000e+00	-3.544099e-12
-3.260000000000000e+00	-3.449415e-12
-3.250000000000000e+00	-3.381885e-12
-3.240000000000000e+00	-3.332802e-12
-3.230000000000000e+00	-3.296251e-12
-3.220000000000000e+00	-3.268214e-12
-3.210000000000000e+00	-3.245961e-12
-3.200000000000000e+00	-3.227636e-12
-3.190000000000000e+00	-3.211981e-12
-3.180000000000000e+00	-3.198139e-12
-3.170000000000000e+00	-3.185530e-12
-3.160000000000000e+00	-3.173756e-12
-3.150000000000000e+00	-3.162552e-12
-3.140000000000000e+00	-3.151734e-12
-3.130000000000000e+00	-3.141178e-12
-3.120000000000000e+00	-3.130800e-12
-3.110000000000000e+00	-3.120544e-12
-3.100000000000000e+00	-3.110369e-12
-3.090000000000000e+00	-3.100251e-12
-3.080000000000000e+00	-3.090170e-12
-3.070000000000000e+00	-3.080116e-12
-3.060000000000000e+00	-3.070079e-12
-3.050000000000000e+00	-3.060054e-12
-3.040000000000000e+00	-3.050036e-12
-3.030000000000000e+00	-3.040025e-12
-3.020000000000000e+00	-3.030017e-12
-3.010000000000000e+00	-3.020011e-12
-3.000000000000000e+00	-3.010008e-12
-2.990000000000000e+00	-3.000005e-12
-2.980000000000000e+00	-2.990004e-12
-2.970000000000000e+00	-2.980003e-12
-2.960000000000000e+00	-2.970002e-12
-2.950000000000000e+00	-2.960001e-12
-2.940000000000000e+00	-2.950001e-12
-2.930000000000000e+00	-2.940000e-12
-2.920000000000000e+00	-2.930000e-12
-2.910000000000000e+00	-2.920000e-12
-2.900000000000000e+00	-2.910000e-12
-2.890000000000000e+00	-2.900000e-12
-2.880000000000000e+00	-2.890000e-12
-2.870000000000000e+00	-2.880000e-12
-2.860000000000000e+00	-2.870000e-12
-2.850000000000000e+00	-2.860000e-12
-2.840000000000000e+00	-2.850000e-12
-2.830000000000000e+00	-2.840000e-12
-2.820000000000000e+00	-2.830000e-12
-2.810000000000000e+00	-2.820000e-12
-2.800000000000000e+00	-2.810000e-12
-2.790000000000000e+00	-2.800000e-12
-2.780000000000000e+00	-2.790000e-12
-2.770000000000000e+00	-2.780000e-12
-2.760000000000000e+00	-2.770000e-12
-2.750000000000000e+00	-2.760000e-12
-2.740000000000000e+00	-2.750000e-12
-2.730000000000000e+00	-2.740000e-12
-2.720000000000000e+00	-2.730000e-12
-2.710000000000000e+00	-2.720000e-12
-2.700000000000000e+00	-2.710000e-12
-2.690000000000000e+00	-2.700000e-12
-2.680000000000000e+00	-2.690000e-12
-2.670000000000000e+00	-2.680000e-12
-2.660000000000000e+00	-2.670000e-12
-2.650000000000000e+00	-2.660000e-12
-2.640000000000000e+00	-2.650000e-12
-2.630000000000000e+00	-2.640000e-12
-2.620000000000000e+00	-2.630000e-12
-2.610000000000000e+00	-2.620000e-12
-2.600000000000000e+00	-2.610000e-12
-2.590000000000000e+00	-2.600000e-12
-2.580000000000000e+00	-2.590000e-12
-2.570000000000000e+00	-2.580000e-12
-2.560000000000000e+00	-2.570000e-12
-2.550000000000000e+00	-2.560000e-12
-2.540000000000000e+00	-2.550000e-12
-2.530000000000000e+00	-2.540000e-12
-2.520000000000000e+00	-2.530000e-12
-2.510000000000000e+00	-2.520000e-12
-2.500000000000000e+00	-2.510000e-12
-2.490000000000000e+00	-2.500000e-12
-2.480000000000000e+00	-2.490000e-12
-2.470000000000000e+00	-2.480000e-12
-2.460000000000000e+00	-2.470000e-12
-2.450000000000000e+00	-2.460000e-12
-2.440000000000000e+00	-2.450000e-12
-2.430000000000000e+00	-2.440000e-12
-2.420000000000000e+00	-2.430000e-12
-2.410000000000000e+00	-2.420000e-12
-2.400000000000000e+00	-2.410000e-12
-2.390000000000000e+00	-2.400000e-12
-2.380000000000000e+00	-2.390000e-12
-2.370000000000000e+00	-2.380000e-12
-2.360000000000000e+00	-2.370000e-12
-2.350000000000000e+00	-2.360000e-12
-2.340000000000000e+00	-2.350000e-12
-2.330000000000000e+00	-2.340000e-12
-2.320000000000000e+00	-2.330000e-12
-2.310000000000000e+00	-2.320000e-12
-2.300000000000000e+00	-2.310000e-12
-2.290000000000000e+00	-2.300000e-12
-2.280000000000000e+00	-2.290000e-12
-2.270000000000000e+00	-2.280000e-12
-2.260000000000000e+00	-2.270000e-12
-2.250000000000000e+00	-2.260000e-12
-2.240000000000000e+00	-2.250000e-12
-2.230000000000000e+00	-2.240000e-12
-2.220000000000000e+00	-2.230000e-12
-2.210000000000000e+00	-2.220000e-12
-2.200000000000000e+00	-2.210000e-12
-2.190000000000000e+00	-2.200000e-12
-2.180000000000000e+00	-2.190000e-12
-2.170000000000000e+00	-2.180000e-12
-2.160000000000000e+00	-2.170000e-12
-2.150000000000000e+00	-2.160000e-12
-2.140000000000000e+00	-2.150000e-12
-2.130000000000000e+00	-2.140000e-12
-2.120000000000000e+00	-2.130000e-12
-2.110000000000000e+00	-2.120000e-12
-2.100000000000000e+00	-2.110000e-12
-2.090000000000000e+00	-2.100000e-12
-2.080000000000000e+00	-2.090000e-12
-2.070000000000000e+00	-2.080000e-12
-2.060000000000000e+00	-2.070000e-12
-2.050000000000000e+00	-2.060000e-12
-2.040000000000000e+00	-2.050000e-12
-2.030000000000000e+00	-2.040000e-12
-2.020000000000000e+00	-2.030000e-12
-2.010000000000000e+00	-2.020000e-12
-2.000000000000000e+00	-2.010000e-12
-1.990000000000000e+00	-2.000000e-12
-1.980000000000000e+00	-1.990000e-12
-1.970000000000000e+00	-1.980000e-12
-1.960000000000000e+00	-1.970000e-12
-1.950000000000000e+00	-1.960000e-12
-1.940000000000000e+00	-1.950000e-12
-1.930000000000000e+00	-1.940000e-12
-1.920000000000000e+00	-1.930000e-12
-1.910000000000000e+00	-1.920000e-12
-1.900000000000000e+00	-1.910000e-12
-1.890000000000000e+00	-1.900000e-12
-1.880000000000000e+00	-1.890000e-12
-1.870000000000000e+00	-1.880000e-12
-1.860000000000000e+00	-1.870000e-12
-1.850000000000000e+00	-1.860000e-12
-1.840000000000000e+00	-1.850000e-12
-1.830000000000000e+00	-1.840000e-12
-1.820000000000000e+00	-1.830000e-12
-1.810000000000000e+00	-1.820000e-12
-1.800000000000000e+00	-1.810000e-12
-1.790000000000000e+00	-1.800000e-12
-1.780000000000000e+00	-1.790000e-12
-1.770000000000000e+00	-1.780000e-12
-1.760000000000000e+00	-1.770000e-12
-1.750000000000000e+00	-1.760000e-12
-1.740000000000000e+00	-1.750000e-12
-1.730000000000000e+00	-1.740000e-12
-1.720000000000000e+00	-1.730000e-12
-1.710000000000000e+00	-1.720000e-12
-1.700000000000000e+00	-1.710000e-12
-1.690000000000000e+00	-1.700000e-12
-1.680000000000000e+00	-1.690000e-12
-1.670000000000000e+00	-1.680000e-12
-1.660000000000000e+00	-1.670000e-12
-1.650000000000000e+00	-1.660000e-12
-1.640000000000000e+00	-1.650000e-12
-1.630000000000000e+00	-1.640000e-12
-1.620000000000000e+00	-1.630000e-12
-1.610000000000000e+00	-1.620000e-12
-1.600000000000000e+00	-1.610000e-12
-1.590000000000000e+00	-1.600000e-12
-1.580000000000000e+00	-1.590000e-12
-1.570000000000000e+00	-1.580000e-12
-1.560000000000000e+00	-1.570000e-12
-1.550000000000000e+00	-1.560000e-12
-1.540000000000000e+00	-1.550000e-12
-1.530000000000000e+00	-1.540000e-12
-1.520000000000000e+00	-1.530000e-12
-1.510000000000000e+00	-1.520000e-12
-1.500000000000000e+00	-1.510000e-12
-1.490000000000000e+00	-1.500000e-12
-1.480000000000000e+00	-1.490000e-12
-1.470000000000000e+00	-1.480000e-12
-1.460000000000000e+00	-1.470000e-12
-1.450000000000000e+00	-1.460000e-12
-1.440000000000000e+00	-1.450000e-12
-1.430000000000000e+00	-1.440000e-12
-1.420000000000000e+00	-1.430000e-12
-1.410000000000000e+00	-1.420000e-12
-1.400000000000000e+00	-1.410000e-12
-1.390000000000000e+00	-1.400000e-12
-1.380000000000000e+00	-1.390000e-12
-1.370000000000000e+00	-1.380000e-12
-1.360000000000000e+00	-1.370000e-12
-1.350000000000000e+00	-1.360000e-12
-1.340000000000000e+00	-1.350000e-12
-1.330000000000000e+00	-1.340000e-12
-1.320000000000000e+00	-1.330000e-12
-1.310000000000000e+00	-1.320000e-12
-1.300000000000000e+00	-1.310000e-12
-1.290000000000000e+00	-1.300000e-12
-1.280000000000000e+00	-1.290000e-12
-1.270000000000000e+00	-1.280000e-12
-1.260000000000000e+00	-1.270000e-12
-1.250000000000000e+00	-1.260000e-12
-1.240000000000000e+00	-1.250000e-12
-1.230000000000000e+00	-1.240000e-12
-1.220000000000000e+00	-1.230000e-12
-1.210000000000000e+00	-1.220000e-12
-1.200000000000000e+00	-1.210000e-12
-1.190000000000000e+00	-1.200000e-12
-1.180000000000000e+00	-1.190000e-12
-1.170000000000000e+00	-1.180000e-12
-1.160000000000000e+00	-1.170000e-12
-1.150000000000000e+00	-1.160000e-12
-1.140000000000000e+00	-1.150000e-12
-1.130000000000000e+00	-1.140000e-12
-1.120000000000000e+00	-1.130000e-12
-1.110000000000000e+00	-1.120000e-12
-1.100000000000000e+00	-1.110000e-12
-1.090000000000000e+00	-1.100000e-12
-1.080000000000000e+00	-1.090000e-12
-1.070000000000000e+00	-1.080000e-12
-1.060000000000000e+00	-1.070000e-12
-1.050000000000000e+00	-1.060000e-12
-1.040000000000000e+00	-1.050000e-12
-1.030000000000000e+00	-1.040000e-12
-1.020000000000000e+00	-1.030000e-12
-1.010000000000000e+00	-1.020000e-12
-1.000000000000000e+00	-1.010000e-12
-9.900000000000002e-01	-1.000000e-12
-9.799999999999995e-01	-9.900000e-13
-9.699999999999998e-01	-9.800000e-13
-9.600000000000000e-01	-9.700000e-13
-9.500000000000002e-01	-9.600000e-13
-9.399999999999995e-01	-9.500000e-13
-9.299999999999997e-01	-9.400000e-13
-9.199999999999999e-01	-9.300000e-13
-9.100000000000001e-01	-9.200000e-13
-9.000000000000004e-01	-9.100000e-13
-8.899999999999997e-01	-9.000000e-13
-8.799999999999999e-01	-8.900000e-13
-8.700000000000001e-01	-8.800000e-13
-8.600000000000003e-01	-8.700000e-13
-8.499999999999996e-01	-8.600000e-13
-8.399999999999999e-01	-8.500000e-13
-8.300000000000001e-01	-8.400000e-13
-8.200000000000003e-01	-8.300000e-13
-8.099999999999996e-01	-8.200000e-13
-7.999999999999998e-01	-8.100000e-13
-7.900000000000000e-01	-8.000000e-13
-7.800000000000002e-01	-7.900000e-13
-7.699999999999996e-01	-7.800000e-13
-7.599999999999998e-01	-7.700000e-13
-7.500000000000000e-01	-7.600000e-13
-7.400000000000002e-01	-7.500000e-13
-7.299999999999995e-01	-7.400000e-13
-7.199999999999998e-01	-7.300000e-13
-7.100000000000000e-01	-7.200000e-13
-7.000000000000002e-01	-7.100000e-13
-6.899999999999995e-01	-7.000000e-13
-6.799999999999997e-01	-6.900000e-13
-6.699999999999999e-01	-6.800000e-13
-6.600000000000001e-01	-6.700000e-13
-6.499999999999995e-01	-6.600000e-13
-6.399999999999997e-01	-6.500000e-13
-6.299999999999999e-01	-6.400000e-13
-6.200000000000001e-01	-6.300000e-13
-6.100000000000003e-01	-6.200000e-13
-5.999999999999996e-01	-6.100000e-13
-5.899999999999999e-01	-6.000000e-13
-5.800000000000001e-01	-5.900000e-13
-5.700000000000003e-01	-5.800000e-13
-5.599999999999996e-01	-5.700000e-13
-5.499999999999998e-01	-5.600000e-13
-5.400000000000000e-01	-5.500000e-13
-5.300000000000002e-01	-5.400000e-13
-5.199999999999996e-01	-5.300000e-13
-5.099999999999998e-01	-5.200000e-13
-5.000000000000000e-01	-5.100000e-13
-4.900000000000002e-01	-5.000000e-13
-4.799999999999995e-01	-4.900000e-13
-4.699999999999998e-01	-4.800000e-13
-4.600000000000000e-01	-4.700000e-13
-4.500000000000002e-01	-4.600000e-13
-4.399999999999995e-01	-4.500000e-13
-4.299999999999997e-01	-4.400000e-13
-4.199999999999999e-01	-4.300000e-13
-4.100000000000001e-01	-4.200000e-13
-3.999999999999995e-01	-4.100000e-13
-3.899999999999997e-01	-4.000000e-13
-3.799999999999999e-01	-3.900000e-13
-3.700000000000001e-01	-3.800000e-13
-3.600000000000003e-01	-3.700000e-13
-3.499999999999996e-01	-3.600000e-13
-3.399999999999999e-01	-3.500000e-13
-3.300000000000001e-01	-3.400000e-13
-3.200000000000003e-01	-3.300000e-13
-3.099999999999996e-01	-3.199999e-13
-2.999999999999998e-01	-3.099999e-13
-2.900000000000000e-01	-2.999999e-13
-2.800000000000002e-01	-2.899998e-13
-2.699999999999996e-01	-2.799997e-13
-2.599999999999998e-01	-2.699996e-13
-2.500000000000000e-01	-2.599994e-13
-2.400000000000002e-01	-2.499991e-13
-2.299999999999995e-01	-2.399986e-13
-2.199999999999998e-01	-2.299980e-13
-2.100000000000000e-01	-2.199970e-13
-2.000000000000002e-01	-2.099956e-13
-1.899999999999995e-01	-1.999935e-13
-1.799999999999997e-01	-1.899905e-13
-1.699999999999999e-01	-1.799860e-13
-1.600000000000001e-01	-1.699794e-13
-1.499999999999995e-01	-1.599697e-13
-1.399999999999997e-01	-1.499554e-13
-1.299999999999999e-01	-1.399344e-13
-1.200000000000001e-01	-1.299034e-13
-1.100000000000003e-01	-1.198578e-13
-9.999999999999964e-02	-1.097906e-13
-8.999999999999986e-02	-9.969181e-14
-8.000000000000007e-02	-8.954634e-14
-7.000000000000028e-02	-7.933221e-14
-5.999999999999961e-02	-6.901701e-14
-4.999999999999982e-02	-5.855304e-14
-4.000000000000004e-02	-4.787007e-14
-3.000000000000025e-02	-3.686473e-14
-1.999999999999957e-02	-2.538488e-14
-9.999999999999787e-03	-1.320653e-14
0.000000000000000e+00	-0.000000e+00
9.999999999999787e-03	1.472002e-14
2.000000000000046e-02	3.166791e-14
3.000000000000025e-02	5.189521e-14
4.000000000000004e-02	7.694982e-14
4.999999999999982e-02	1.091102e-13
6.000000000000050e-02	1.517304e-13
7.000000000000028e-02	2.097474e-13
8.000000000000007e-02	2.904285e-13
8.999999999999986e-02	4.044713e-13
1.000000000000005e-01	5.676225e-13
1.100000000000003e-01	8.030613e-13
1.200000000000001e-01	1.144908e-12
1.299999999999999e-01	1.643387e-12
1.399999999999997e-01	2.372429e-12
1.500000000000004e-01	3.440860e-12
1.600000000000001e-01	5.008874e-12
1.699999999999999e-01	7.312272e-12
1.799999999999997e-01	1.069816e-11
1.900000000000004e-01	1.567748e-11
2.000000000000002e-01	2.300232e-11
2.100000000000000e-01	3.377978e-11
2.199999999999998e-01	4.963951e-11
2.300000000000004e-01	7.298034e-11
2.400000000000002e-01	1.073334e-10
2.500000000000000e-01	1.578963e-10
2.599999999999998e-01	2.323203e-10
2.700000000000005e-01	3.418677e-10
2.800000000000002e-01	5.031167e-10
2.900000000000000e-01	7.404702e-10
2.999999999999998e-01	1.089849e-09
3.100000000000005e-01	1.604126e-09
3.200000000000003e-01	2.361132e-09
3.300000000000001e-01	3.475426e-09
3.399999999999999e-01	5.115629e-09
3.500000000000005e-01	7.529930e-09
3.600000000000003e-01	1.108362e-08
3.700000000000001e-01	1.631430e-08
3.799999999999999e-01	2.401309e-08
3.899999999999997e-01	3.534407e-08
4.000000000000004e-01	5.201967e-08
4.100000000000001e-01	7.655837e-08
4.199999999999999e-01	1.126625e-07
4.299999999999997e-01	1.657711e-07
4.400000000000004e-01	2.438680e-07
4.500000000000002e-01	3.586555e-07
4.600000000000000e-01	5.272537e-07
4.699999999999998e-01	7.746353e-07
4.800000000000004e-01	1.137073e-06
4.900000000000002e-01	1.666931e-06
5.000000000000000e-01	2.439119e-06
5.099999999999998e-01	3.559420e-06
5.200000000000005e-01	5.174451e-06
5.300000000000002e-01	7.482099e-06
5.400000000000000e-01	1.073972e-05
5.499999999999998e-01	1.526530e-05
5.600000000000005e-01	2.142546e-05
5.700000000000003e-01	2.960565e-05
5.800000000000001e-01	4.016401e-05
5.899999999999999e-01	5.338007e-05
6.000000000000005e-01	6.941542e-05
6.100000000000003e-01	8.830037e-05
6.200000000000001e-01	1.099480e-04
6.299999999999999e-01	1.341859e-04
6.399999999999997e-01	1.607925e-04
6.500000000000004e-01	1.895276e-04
6.600000000000001e-01	2.201537e-04
6.699999999999999e-01	2.524488e-04
6.799999999999997e-01	2.862125e-04
6.900000000000004e-01	3.212678e-04
7.000000000000002e-01	3.574603e-04
7.100000000000000e-01	3.946563e-04
7.199999999999998e-01	4.327408e-04
7.300000000000004e-01	4.716144e-04
7.400000000000002e-01	5.111918e-04
7.500000000000000e-01	5.513991e-04
7.599999999999998e-01	5.921723e-04
7.700000000000005e-01	6.334560e-04
7.800000000000002e-01	6.752018e-04
7.900000000000000e-01	7.173672e-04
7.999999999999998e-01	7.599152e-04
8.100000000000005e-01	8.028130e-04
8.200000000000003e-01	8.460315e-04
8.300000000000001e-01	8.895451e-04
8.399999999999999e-01	9.333309e-04
8.500000000000005e-01	9.773683e-04
8.600000000000003e-01	1.021639e-03
8.700000000000001e-01	1.066127e-03
8.799999999999999e-01	1.110816e-03
8.899999999999997e-01	1.155694e-03
9.000000000000004e-01	1.200748e-03
9.100000000000001e-01	1.245967e-03
9.199999999999999e-01	1.291341e-03
9.299999999999997e-01	1.336861e-03
9.400000000000004e-01	1.382518e-03
9.500000000000002e-01	1.428304e-03
9.600000000000000e-01	1.474213e-03
9.699999999999998e-01	1.520237e-03
9.800000000000004e-01	1.566371e-03
9.900000000000002e-01	1.612608e-03
1.000000000000000e+00	1.658945e-03
1.010000000000000e+00	1.705375e-03
1.020000000000000e+00	1.751894e-03
1.030000000000000e+00	1.798499e-03
1.040000000000000e+00	1.845185e-03
1.050000000000000e+00	1.891948e-03
1.060000000000000e+00	1.938785e-03
1.070000000000000e+00	1.985694e-03
1.080000000000000e+00	2.032670e-03
1.090000000000000e+00	2.079711e-03
1.100000000000001e+00	2.126815e-03
1.110000000000000e+00	2.173978e-03
1.120000000000000e+00	2.221199e-03
1.130000000000000e+00	2.268475e-03
1.140000000000001e+00	2.315805e-03
1.150000000000000e+00	2.363185e-03
1.160000000000000e+00	2.410616e-03
1.170000000000000e+00	2.458093e-03
1.180000000000000e+00	2.505617e-03
1.190000000000000e+00	2.553185e-03
1.200000000000000e+00	2.600795e-03
1.210000000000000e+00	2.648447e-03
1.220000000000000e+00	2.696139e-03
1.230000000000000e+00	2.743870e-03
1.240000000000000e+00	2.791638e-03
1.250000000000000e+00	2.839442e-03
1.260000000000000e+00	2.887281e-03
1.270000000000000e+00	2.935154e-03
1.280000000000000e+00	2.983061e-03
1.290000000000000e+00	3.030999e-03
1.300000000000000e+00	3.078968e-03
1.310000000000000e+00	3.126968e-03
1.320000000000000e+00	3.174996e-03
1.330000000000000e+00	3.223053e-03
1.340000000000000e+00	3.271138e-03
1.350000000000001e+00	3.319250e-03
1.360000000000000e+00	3.367388e-03
1.370000000000000e+00	3.415552e-03
1.380000000000000e+00	3.463740e-03
1.390000000000001e+00	3.511952e-03
1.400000000000000e+00	3.560188e-03
1.410000000000000e+00	3.608447e-03
1.420000000000000e+00	3.656727e-03
1.430000000000000e+00	3.705031e-03
1.440000000000000e+00	3.753355e-03
1.450000000000000e+00	3.801699e-03
1.460000000000000e+00	3.850065e-03
1.470000000000000e+00	3.898449e-03
1.480000000000000e+00	3.946854e-03
1.490000000000000e+00	3.995277e-03
1.500000000000000e+00	4.043718e-03
1.510000000000000e+00	4.092177e-03
1.520000000000000e+00	4.140655e-03
1.530000000000000e+00	4.189149e-03
1.540000000000000e+00	4.237660e-03
1.550000000000000e+00	4.286187e-03
1.560000000000000e+00	4.334731e-03
1.570000000000000e+00	4.383290e-03
1.580000000000000e+00	4.431865e-03
1.590000000000000e+00	4.480455e-03
1.600000000000001e+00	4.529059e-03
1.610000000000000e+00	4.577678e-03
1.620000000000000e+00	4.626311e-03
1.630000000000000e+00	4.674959e-03
1.640000000000001e+00	4.723620e-03
1.650000000000000e+00	4.772294e-03
1.660000000000000e+00	4.820981e-03
1.670000000000000e+00	4.869681e-03
1.680000000000000e+00	4.918394e-03
1.690000000000000e+00	4.967119e-03
1.700000000000000e+00	5.015856e-03
1.710000000000000e+00	5.064605e-03
1.720000000000000e+00	5.113367e-03
1.730000000000000e+00	5.162138e-03
1.740000000000000e+00	5.210922e-03
1.750000000000000e+00	5.259717e-03
1.760000000000000e+00	5.308522e-03
1.770000000000000e+00	5.357339e-03
1.780000000000000e+00	5.406165e-03
1.790000000000000e+00	5.455002e-03
1.800000000000000e+00	5.503850e-03
1.810000000000000e+00	5.552706e-03
1.820000000000000e+00	5.601573e-03
1.830000000000000e+00	5.650450e-03
1.840000000000000e+00	5.699336e-03
1.850000000000001e+00	5.748231e-03
1.860000000000000e+00	5.797135e-03
1.870000000000000e+00	5.846049e-03
1.880000000000000e+00	5.894971e-03
1.890000000000001e+00	5.943902e-03
1.900000000000000e+00	5.992841e-03
1.910000000000000e+00	6.041789e-03
1.920000000000000e+00	6.090746e-03
1.930000000000000e+00	6.139710e-03
1.940000000000000e+00	6.188683e-03
1.950000000000000e+00	6.237663e-03
1.960000000000000e+00	6.286652e-03
1.970000000000000e+00	6.335648e-03
1.980000000000000e+00	6.384651e-03
1.990000000000000e+00	6.433662e-03
2.000000000000000e+00	6.482681e-03
2.010000000000000e+00	6.531706e-03
2.020000000000000e+00	6.580739e-03
2.030000000000000e+00	6.629779e-03
2.040000000000000e+00	6.678826e-03
2.050000000000000e+00	6.727879e-03
2.060000000000000e+00	6.776940e-03
2.070000000000000e+00	6.826007e-03
2.080000000000000e+00	6.875081e-03
2.090000000000000e+00	6.924160e-03
2.100000000000001e+00	6.973247e-03
2.110000000000000e+00	7.022339e-03
2.120000000000000e+00	7.071438e-03
2.130000000000000e+00	7.120544e-03
2.140000000000001e+00	7.169655e-03
2.150000000000000e+00	7.218772e-03
2.160000000000000e+00	7.267895e-03
2.170000000000000e+00	7.317023e-03
2.180000000000000e+00	7.366158e-03
2.190000000000000e+00	7.415298e-03
2.200000000000000e+00	7.464444e-03
2.210000000000000e+00	7.513595e-03
2.220000000000000e+00	7.562751e-03
2.230000000000000e+00	7.611914e-03
2.240000000000000e+00	7.661081e-03
2.250000000000000e+00	7.710253e-03
2.260000000000000e+00	7.759431e-03
2.270000000000000e+00	7.808614e-03
2.280000000000000e+00	7.857802e-03
2.290000000000000e+00	7.906995e-03
2.300000000000000e+00	7.956193e-03
2.310000000000000e+00	8.005396e-03
2.320000000000000e+00	8.054603e-03
2.330000000000000e+00	8.103815e-03
2.340000000000000e+00	8.153033e-03
2.350000000000001e+00	8.202254e-03
2.360000000000000e+00	8.251480e-03
2.370000000000000e+00	8.300710e-03
2.380000000000000e+00	8.349946e-03
2.390000000000001e+00	8.399186e-03
2.400000000000000e+00	8.448429e-03
2.410000000000000e+00	8.497678e-03
2.420000000000000e+00	8.546931e-03
2.430000000000000e+00	8.596187e-03
2.440000000000000e+00	8.645448e-03
2.450000000000000e+00	8.694713e-03
2.460000000000000e+00	8.743983e-03
2.470000000000000e+00	8.793256e-03
2.480000000000000e+00	8.842533e-03
2.490000000000000e+00	8.891814e-03
2.500000000000000e+00	8.941100e-03
2.510000000000000e+00	8.990388e-03
2.520000000000000e+00	9.039681e-03
2.530000000000000e+00	9.088978e-03
2.540000000000000e+00	9.138279e-03
2.550000000000000e+00	9.187583e-03
2.560000000000000e+00	9.236891e-03
2.570000000000000e+00	9.286202e-03
2.580000000000000e+00	9.335517e-03
2.590000000000000e+00	9.384835e-03
2.600000000000001e+00	9.434158e-03
2.610000000000000e+00	9.483484e-03
2.620000000000000e+00	9.532812e-03
2.630000000000000e+00	9.582145e-03
2.640000000000001e+00	9.631481e-03
2.650000000000000e+00	9.680820e-03
2.660000000000000e+00	9.730162e-03
2.670000000000000e+00	9.779508e-03
2.680000000000000e+00	9.828857e-03
2.690000000000000e+00	9.878210e-03
2.700000000000000e+00	9.927565e-03
2.710000000000000e+00	9.976923e-03
2.720000000000000e+00	1.002629e-02
2.730000000000000e+00	1.007565e-02
2.740000000000000e+00	1.012502e-02
2.750000000000000e+00	1.017439e-02
2.760000000000000e+00	1.022376e-02
2.770000000000000e+00	1.027314e-02
2.780000000000000e+00	1.032252e-02
2.790000000000000e+00	1.037190e-02
2.800000000000000e+00	1.042129e-02
2.810000000000000e+00	1.047068e-02
2.820000000000000e+00	1.052007e-02
2.830000000000000e+00	1.056946e-02
2.840000000000000e+00	1.061886e-02
2.850000000000001e+00	1.066826e-02
2.860000000000000e+00	1.071766e-02
2.870000000000000e+00	1.076707e-02
2.880000000000000e+00	1.081647e-02
2.890000000000001e+00	1.086588e-02
2.900000000000000e+00	1.091530e-02
2.910000000000000e+00	1.096471e-02
2.920000000000000e+00	1.101413e-02
2.930000000000001e+00	1.106355e-02
2.940000000000000e+00	1.111298e-02
2.950000000000000e+00	1.116240e-02
2.960000000000000e+00	1.121183e-02
2.970000000000000e+00	1.126126e-02
2.980000000000000e+00	1.131070e-02
2.990000000000000e+00	1.136013e-02
3.000000000000000e+00	1.140957e-02
3.010000000000000e+00	1.145901e-02
3.020000000000000e+00	1.150845e-02
3.029999999999999e+00	1.155790e-02
3.040000000000001e+00	1.160735e-02
3.050000000000001e+00	1.165680e-02
3.060000000000000e+00	1.170625e-02
3.070000000000000e+00	1.175571e-02
3.080000000000000e+00	1.180516e-02
3.090000000000000e+00	1.185462e-02
3.100000000000000e+00	1.190408e-02
3.109999999999999e+00	1.195355e-02
3.120000000000001e+00	1.200301e-02
3.130000000000001e+00	1.205248e-02
3.140000000000001e+00	1.210195e-02
3.150000000000000e+00	1.215142e-02
3.160000000000000e+00	1.220090e-02
3.170000000000000e+00	1.225038e-02
3.180000000000000e+00	1.229985e-02
3.190000000000000e+00	1.234933e-02
3.199999999999999e+00	1.239882e-02
3.210000000000001e+00	1.244830e-02
3.220000000000001e+00	1.249779e-02
3.230000000000000e+00	1.254728e-02
3.240000000000000e+00	1.259677e-02
3.250000000000000e+00	1.264626e-02
3.260000000000000e+00	1.269576e-02
3.270000000000000e+00	1.274525e-02
3.279999999999999e+00	1.279475e-02
3.290000000000001e+00	1.284425e-02
3.300000000000001e+00	1.289376e-02
3.310000000000000e+00	1.294326e-02
3.320000000000000e+00	1.299277e-02
3.330000000000000e+00	1.304227e-02
3.340000000000000e+00	1.309178e-02
3.350000000000000e+00	1.314130e-02
3.359999999999999e+00	1.319081e-02
3.370000000000001e+00	1.324033e-02
3.380000000000001e+00	1.328984e-02
3.390000000000001e+00	1.333936e-02
3.400000000000000e+00	1.338888e-02
3.410000000000000e+00	1.343841e-02
3.420000000000000e+00	1.348793e-02
3.430000000000000e+00	1.353746e-02
3.440000000000000e+00	1.358698e-02
3.449999999999999e+00	1.363651e-02
3.460000000000001e+00	1.368604e-02
3.470000000000001e+00	1.373558e-02
3.480000000000000e+00	1.378511e-02
3.490000000000000e+00	1.383465e-02
3.500000000000000e+00	1.388418e-02
3.510000000000000e+00	1.393372e-02
3.520000000000000e+00	1.398327e-02
3.529999999999999e+00	1.403281e-02
3.540000000000001e+00	1.408235e-02
3.550000000000001e+00	1.413190e-02
3.560000000000000e+00	1.418145e-02
3.570000000000000e+00	1.423099e-02
3.580000000000000e+00	1.428054e-02
3.590000000000000e+00	1.433010e-02
3.600000000000000e+00	1.437965e-02
3.609999999999999e+00	1.442921e-02
3.620000000000001e+00	1.447876e-02
3.630000000000001e+00	1.452832e-02
3.640000000000001e+00	1.457788e-02
3.650000000000000e+00	1.462744e-02
3.660000000000000e+00	1.467700e-02
3.670000000000000e+00	1.472657e-02
3.680000000000000e+00	1.477613e-02
3.690000000000000e+00	1.482570e-02
3.700000000000001e+00	1.487527e-02
3.710000000000001e+00	1.492484e-02
3.720000000000001e+00	1.497441e-02
3.730000000000000e+00	1.502398e-02
3.740000000000000e+00	1.507356e-02
3.750000000000000e+00	1.512313e-02
3.760000000000000e+00	1.517271e-02
3.770000000000000e+00	1.522229e-02
3.779999999999999e+00	1.527186e-02
3.790000000000001e+00	1.532145e-02
3.800000000000001e+00	1.537103e-02
3.810000000000000e+00	1.542061e-02
3.820000000000000e+00	1.547020e-02
3.830000000000000e+00	1.551978e-02
3.840000000000000e+00	1.556937e-02
3.850000000000000e+00	1.561896e-02
3.859999999999999e+00	1.566855e-02
3.870000000000001e+00	1.571814e-02
3.880000000000001e+00	1.576773e-02
3.890000000000001e+00	1.581733e-02
3.900000000000000e+00	1.586692e-02
3.910000000000000e+00	1.591652e-02
3.920000000000000e+00	1.596612e-02
3.930000000000000e+00	1.601571e-02
3.940000000000000e+00	1.606531e-02
3.950000000000001e+00	1.611492e-02
3.960000000000001e+00	1.616452e-02
3.970000000000001e+00	1.621412e-02
3.980000000000000e+00	1.626373e-02
3.990000000000000e+00	1.631333e-02
4.000000000000000e+00	1.636294e-02
4.010000000000000e+00	1.641255e-02
4.020000000000000e+00	1.646216e-02
4.029999999999999e+00	1.651177e-02
4.040000000000001e+00	1.656138e-02
4.050000000000001e+00	1.661099e-02
4.060000000000000e+00	1.666061e-02
4.070000000000000e+00	1.671023e-02
4.080000000000000e+00	1.675984e-02
4.090000000000000e+00	1.680946e-02
4.100000000000000e+00	1.685908e-02
4.109999999999999e+00	1.690870e-02
4.120000000000001e+00	1.695832e-02
4.130000000000001e+00	1.700794e-02
4.140000000000001e+00	1.705756e-02
4.150000000000000e+00	1.710719e-02
4.160000000000000e+00	1.715681e-02
4.170000000000000e+00	1.720644e-02
4.180000000000000e+00	1.725607e-02
4.190000000000000e+00	1.730570e-02
4.200000000000001e+00	1.735533e-02
4.210000000000001e+00	1.740496e-02
4.220000000000001e+00	1.745459e-02
4.230000000000000e+00	1.750422e-02
4.240000000000000e+00	1.755385e-02
4.250000000000000e+00	1.760349e-02
4.260000000000000e+00	1.765313e-02
4.270000000000000e+00	1.770276e-02
4.279999999999999e+00	1.775240e-02
4.290000000000001e+00	1.780204e-02
4.300000000000001e+00	1.785168e-02
4.310000000000000e+00	1.790132e-02
4.320000000000000e+00	1.795096e-02
4.330000000000000e+00	1.800060e-02
4.340000000000000e+00	1.805025e-02
4.350000000000000e+00	1.809989e-02
4.359999999999999e+00	1.814954e-02
4.370000000000001e+00	1.819919e-02
4.380000000000001e+00	1.824883e-02
4.390000000000001e+00	1.829848e-02
4.400000000000000e+00	1.834813e-02
4.410000000000000e+00	1.839778e-02
4.420000000000000e+00	1.844743e-02
4.430000000000000e+00	1.849709e-02
4.440000000000000e+00	1.854674e-02
4.450000000000001e+00	1.859639e-02
4.460000000000001e+00	1.864605e-02
4.470000000000001e+00	1.869570e-02
4.480000000000000e+00	1.874536e-02
4.490000000000000e+00	1.879502e-02
4.500000000000000e+00	1.884468e-02
4.510000000000000e+00	1.889434e-02
4.520000000000000e+00	1.894400e-02
4.529999999999999e+00	1.899366e-02
4.540000000000001e+00	1.904332e-02
4.550000000000001e+00	1.909299e-02
4.560000000000000e+00	1.914265e-02
4.570000000000000e+00	1.919231e-02
4.580000000000000e+00	1.924198e-02
4.590000000000000e+00	1.929165e-02
4.600000000000000e+00	1.934131e-02
4.609999999999999e+00	1.939098e-02
4.620000000000001e+00	1.944065e-02
4.630000000000001e+00	1.949032e-02
4.640000000000001e+00	1.953999e-02
4.650000000000000e+00	1.958966e-02
4.660000000000000e+00	1.963934e-02
4.670000000000000e+00	1.968901e-02
4.680000000000000e+00	1.973869e-02
4.690000000000000e+00	1.978836e-02
4.700000000000001e+00	1.983804e-02
4.710000000000001e+00	1.988771e-02
4.720000000000001e+00	1.993739e-02
4.730000000000000e+00	1.998707e-02
4.740000000000000e+00	2.003675e-02
4.750000000000000e+00	2.008643e-02
4.760000000000000e+00	2.013611e-02
4.770000000000000e+00	2.018579e-02
4.779999999999999e+00	2.023547e-02
4.790000000000001e+00	2.028515e-02
4.800000000000001e+00	2.033484e-02
4.810000000000000e+00	2.038452e-02
4.820000000000000e+00	2.043421e-02
4.830000000000000e+00	2.048389e-02
4.840000000000000e+00	2.053358e-02
4.850000000000000e+00	2.058327e-02
4.859999999999999e+00	2.063295e-02
4.870000000000001e+00	2.068264e-02
4.880000000000001e+00	2.073233e-02
4.890000000000001e+00	2.078202e-02
4.900000000000000e+00	2.083171e-02
4.910000000000000e+00	2.088141e-02
4.920000000000000e+00	2.093110e-02
4.930000000000000e+00	2.098079e-02
4.940000000000000e+00	2.103049e-02
4.950000000000001e+00	2.108018e-02
4.960000000000001e+00	2.112988e-02
4.970000000000001e+00	2.117957e-02
4.980000000000000e+00	2.122927e-02
4.990000000000000e+00	2.127897e-02
5.000000000000000e+00	2.132867e-02
